2 0.158053 0.00195613
1.994 0.1558 0.0058962
1.98802 0.268682 0.00244349
1.98205 0.268682 0.00582266
1.97611 -0.0127486 0.00165278
1.97018 -0.0127486 0.0171589
1.96427 0.206094 0.00620885
1.95838 0.206094 0.0271057
1.9525 1.28267 0.0147181
1.94664 1.28267 0.0181332
1.9408 1.28267 0.0331886
1.93498 1.28267 0.0557784
1.92918 4.61908 0.0389764
1.92339 -0.0272273 0.00185942
1.91762 1.73965 0.00593435
1.91187 0.528939 0.00424196
1.90613 0.528939 0.236674
1.90041 0.528939 0.01254
1.89471 0.528939 0.0171882
1.88903 0.010469 0.00146942
1.88336 0.0337144 0.00328464
1.87771 0.886357 0.0152938
1.87208 0.886357 0.0124567
1.86646 0.00991698 0.00287886
1.86086 0.0185768 0.00111635
1.85528 3.38844 0.0219751
1.84971 1.44073 0.00636975
1.84416 1.44073 0.0252578
1.83863 0.343394 0.00237946
1.83311 0.0423596 0.00378258
1.82762 1.27695 0.00927157
1.82213 -0.0599634 0.00112968
1.81667 1.17261 0.0107055
1.81122 1.18233 0.00508281
1.80578 0.11639 0.00418988
1.80036 0.223997 0.00227148
1.79496 0.486408 0.00278075
1.78958 0.19353 0.00513677
1.78421 0.0119796 0.00261136
1.77886 0.0119796 0.0034881
1.77352 0.21065 0.00228523
1.7682 0.21065 0.00378106
1.7629 0.871367 0.0044173
1.75761 2.28578 0.00961673
1.75233 2.8278 0.0177723
1.74708 2.8278 0.0445796
1.74184 0.918217 0.00227594
1.73661 0.918217 0.0501123
1.7314 0.918217 0.0038231
1.72621 0.918217 0.00598751
1.72103 0.918217 0.0747387
1.71586 0.918217 0.0144528
1.71072 0.918217 0.030821
1.70559 0.918217 0.012542
1.70047 0.855474 0.00944323
1.69537 0.855474 0.0280452
1.69028 1.73895 0.010543
1.68521 0.561741 0.00951124
1.68015 0.256701 0.00465247
1.67511 -0.0159654 0.00193737
1.67009 0.855751 0.0124153
1.66508 0.855751 0.0182242
1.66008 0.855751 0.0258615
1.6551 1.07655 0.0156683
1.65014 0.069973 0.00423274
1.64519 0.0906108 0.00155267
1.64025 -0.0466164 0.0020238
1.63533 0.265803 0.00541707
1.63042 0.265803 0.00705522
1.62553 2.25192 0.026846
1.62066 1.15726 0.0157863
1.61579 1.15726 0.0708609
1.61095 0.828052 0.013652
1.60611 1.24244 0.0176262
1.6013 4.96901 0.0543361
1.59649 5.15367 0.0566948
1.5917 1.59468 0.0237833
1.58693 0.0985951 0.00417435
1.58217 0.0985951 0.0153802
1.57742 0.156007 0.00552543
1.57269 0.0529902 0.00374149
1.56797 0.121797 0.00437368
1.56327 1.67379 0.0210778
1.55858 1.67379 0.0362234
1.5539 1.67379 0.0579559
1.54924 1.67379 0.0665099
1.54459 1.63264 0.0194254
1.53996 0.838484 0.0138416
1.53534 0.935861 0.0143496
1.53073 0.293138 0.00646661
1.52614 0.293138 0.0213862
1.52156 0.22618 0.00509475
1.517 0.22618 0.0544927
1.51245 0.782512 0.0101843
1.50791 1.52554 0.0178483
1.50338 0.000566302 0.00284028
1.49887 0.000566302 0.00426238
1.49438 -0.0081832 0.00209254
1.48989 -0.030985 0.00162852
1.48542 -0.0301358 0.00138179
1.48097 -0.0309904 0.00106953
1.47653 0.11746 0.0013853
1.4721 -0.116668 0.000599996
1.46768 -0.116668 0.0111447
1.46328 0.567696 0.00683353
1.45889 1.30887 0.0146249
1.45451 -0.0486765 0.00113547
1.45015 0.796077 0.00360045
1.4458 0.151133 0.00172706
1.44146 0.0732942 0.00159768
1.43713 -0.028422 0.00175339
1.43282 0.264152 0.00200182
1.42852 0.00851838 0.002902
1.42424 0.485133 0.00272855
1.41997 -0.00231017 0.00268016
1.41571 0.0423013 0.00350878
1.41146 -0.0113729 0.00143272
1.40722 0.0496624 0.00152775
1.403 0.0862033 0.00423807
1.39879 0.437773 0.00853723
1.3946 0.437773 0.0290551
1.39041 0.437773 0.0209296
1.38624 0.426534 0.00687224
1.38208 -0.0327439 0.00135514
1.37794 0.548246 0.00313364
1.3738 0.580311 0.00381203
1.36968 0.580311 0.13944
1.36557 0.357341 0.00235747
1.36148 0.101108 0.00181342
1.35739 0.10603 0.00181442
1.35332 0.548256 0.00172905
1.34926 0.594771 0.0024296
1.34521 0.594771 0.00248433
1.34118 0.594771 0.00416155
1.33715 -0.01104 0.00250267
1.33314 -0.01104 0.0270686
1.32914 2.15288 0.0174168
1.32516 1.58025 0.0153144
1.32118 1.51647 0.0177803
1.31722 1.51647 0.0914063
1.31326 1.51647 0.0319631
1.30932 1.46431 0.0167471
1.3054 1.46431 0.0668773
1.30148 0.139131 0.00514593
1.29758 -0.0138081 0.00167611
1.29368 0.0688726 0.00349602
1.2898 0.670757 0.0100936
1.28593 0.670757 0.0134604
1.28207 0.670757 0.0624441
1.27823 0.670757 0.0704756
1.27439 0.670757 0.0326121
1.27057 0.845179 0.0122678
1.26676 0.845179 0.0319437
1.26296 0.845179 0.0246015
1.25917 0.845179 0.0212522
1.25539 0.00289348 0.00233828
1.25163 -0.0218771 0.00218351
1.24787 0.0315115 0.0033402
1.24413 -0.01084 0.00214216
1.2404 0.57447 0.00950962
1.23667 0.0522852 0.00376037
1.23296 1.16988 0.0154484
1.22927 1.26486 0.0180631
1.22558 0.926178 0.0137263
1.2219 2.34496 0.0259721
1.21824 2.01964 0.0194252
1.21458 0.0809645 0.00337588
1.21094 0.0553943 0.00170493
1.2073 0.0553943 0.00536759
1.20368 0.853298 0.00620892
1.20007 0.853298 0.00727307
1.19647 0.853298 0.0176509
1.19288 0.853298 0.0302951
1.1893 0.531551 0.00588777
1.18573 -0.0538151 0.000965732
1.18218 0.943263 0.00773564
1.17863 0.868047 0.00562949
1.1751 0.868047 0.0191516
1.17157 0.0674796 0.00322714
1.16806 0.0674796 0.0178378
1.16455 -0.00534873 0.00258728
1.16106 0.0449249 0.00163208
1.15757 0.383138 0.00247701
1.1541 0.383138 0.00357574
1.15064 0.831224 0.0058289
1.14719 0.246336 0.00233359
1.14375 0.246336 0.0144193
1.14031 -0.0505589 0.0010518
1.13689 0.159203 0.00194194
1.13348 0.0390043 0.00144819
1.13008 0.0750287 0.00383121
1.12669 0.0302522 0.00297036
1.12331 0.233886 0.00561898
1.11994 2.28378 0.0153159
1.11658 1.80011 0.0111585
1.11323 1.80011 0.02552
1.10989 0.334649 0.00337909
1.10656 -0.118199 0.000541756
1.10324 1.1663 0.00364103
1.09993 0.252643 0.00264412
1.09663 0.0522753 0.00320534
1.09334 0.333678 0.007023
1.09006 0.00171386 0.0014917
1.08679 0.242286 0.00531989
1.08353 0.363475 0.00818066
1.08028 -0.0138002 0.00209338
1.07704 0.2835 0.00627235
1.07381 0.44372 0.00917157
1.07059 0.44372 0.0183156
1.06738 0.733994 0.0129952
1.06418 0.733994 0.0150773
1.06098 0.934873 0.0150411
1.0578 0.690309 0.011734
1.05463 0.612374 0.0123568
1.05146 0.612374 0.0124292
1.04831 0.685783 0.00917194
1.04516 -0.0499323 0.00112543
1.04203 0.141269 0.00193323
1.0389 0.0393295 0.00110251
1.03579 -0.0918246 0.000902481
1.03268 -0.0570086 0.000955131
1.02958 -0.0570086 0.00323555
1.02649 0.0602019 0.00132656
1.02341 0.137117 0.00462929
1.02034 0.137117 0.00864578
1.01728 0.29247 0.00666044
1.01423 0.0282016 0.0029626
1.01119 -0.0140761 0.00151323
1.00815 -0.00353947 0.00155434
1.00513 -0.0152921 0.00192112
1.00211 0.120234 0.00564788
0.999106 0.150349 0.0052254
0.996109 0.318191 0.00716491
0.99312 0.0159141 0.00247957
0.990141 0.0464624 0.00138272
0.987171 0.0436676 0.00334869
0.984209 0.0436676 0.00186112
0.981256 -0.0136018 0.00121954
0.978313 -0.0136018 0.00142112
0.975378 -0.0136018 0.00408333
0.972452 0.000116707 0.00167531
0.969534 0.748282 0.00456061
0.966626 0.748282 0.0402165
0.963726 1.182 0.00630444
0.960835 0.4308 0.00269436
0.957952 0.4308 0.0107516
0.955078 0.261456 0.00304246
0.952213 0.261456 0.0110295
0.949356 0.527381 0.00385616
0.946508 0.442392 0.00433382
0.943669 0.0996398 0.00230184
0.940838 -0.00600285 0.00100148
0.938015 0.0401962 0.00210181
0.935201 0.0401962 0.00537565
0.932396 0.0401962 0.00615005
0.929598 0.193512 0.0016584
0.92681 -0.0623795 0.00121924
0.924029 0.61377 0.00868122
0.921257 0.113987 0.00371896
0.918493 0.333353 0.00485531
0.915738 0.333353 0.00957187
0.912991 0.333353 0.00791587
0.910252 0.815284 0.00507157
0.907521 3.02166 0.0143757
0.904798 0.273291 0.00438658
0.902084 0.592739 0.00472347
0.899378 -0.0860396 0.00125543
0.89668 0.0209615 0.00212985
0.89399 0.0538591 0.00343408
0.891308 0.0538591 0.0198918
0.888634 0.0702354 0.00490115
0.885968 -0.000740996 0.00259745
0.88331 0.506138 0.00959644
0.88066 0.506138 0.00880208
0.878018 0.233732 0.00586212
0.875384 0.170522 0.00557111
0.872758 0.423092 0.00845607
0.870139 0.088402 0.00380068
0.867529 0.0464572 0.00361319
0.864926 0.0353148 0.00382283
0.862332 0.00107616 0.00137767
0.859745 0.210597 0.0018284
0.857165 0.87096 0.0040296
0.854594 0.177047 0.00186583
0.85203 0.822135 0.00395559
0.849474 0.458835 0.00278584
0.846926 0.0271019 0.00117749
0.844385 -0.0252543 0.00112697
0.841852 0.116934 0.00155051
0.839326 0.116934 0.00417586
0.836808 -0.0930513 0.00113788
0.834298 -0.0448858 0.00102737
0.831795 -0.0405708 0.00104105
0.829299 -0.0405708 0.00439008
0.826812 -0.00907206 0.00124526
0.824331 -0.00907206 0.00171
0.821858 0.0348038 0.00234852
0.819393 0.0348038 0.0117294
0.816934 0.0348038 0.00313725
0.814484 0.36932 0.00293177
0.81204 -0.0678504 0.00154257
0.809604 -0.0678504 0.00268472
0.807175 -0.0678504 0.00551448
0.804754 0.156205 0.00435153
0.802339 0.156205 0.0107211
0.799932 -0.0204788 0.0020644
0.797533 0.467772 0.00940742
0.79514 0.195178 0.00491342
0.792755 0.195178 0.00915103
0.790376 0.36324 0.00467535
0.788005 -0.00952752 0.0026372
0.785641 -0.00952752 0.00190259
0.783284 -0.00746079 0.001464
0.780934 0.0306666 0.00282112
0.778592 0.204904 0.00658638
0.776256 0.204904 0.00861117
0.773927 0.0975491 0.00453175
0.771605 0.15933 0.00576716
0.76929 0.258954 0.00643766
0.766983 0.168435 0.00540491
0.764682 0.0710374 0.00385081
0.762388 0.36218 0.00806804
0.7601 0.0194861 0.00265374
0.75782 0.0194861 0.00964238
0.755547 0.36866 0.00654322
0.75328 0.36866 0.0222337
0.75102 0.162254 0.00486907
0.748767 -0.0187268 0.00245239
0.746521 -0.0882954 0.00103974
0.744281 0.0531556 0.00184366
0.742048 -0.0902081 0.0012877
0.739822 0.0754905 0.0012459
0.737603 0.34622 0.00147988
0.73539 0.0491514 0.00224907
0.733184 0.151505 0.00276917
0.730984 -0.0926214 0.000937027
0.728791 -0.0926214 0.0016351
0.726605 -0.0926214 0.00346671
0.724425 -0.04036 0.00206424
0.722252 -0.04036 0.00926099
0.720085 -0.04036 0.0044533
0.717925 0.0137883 0.00289758
0.715771 -0.023749 0.00217095
0.713624 -0.0280223 0.00158306
0.711483 0.13034 0.00198008
0.709348 -0.0429349 0.00103222
0.70722 0.0444328 0.00144244
0.705099 0.225695 0.00190151
0.702983 0.159859 0.00165578
0.700874 -0.00865635 0.0014096
0.698772 -0.0110311 0.00245438
0.696676 -0.0014923 0.00224886
0.694586 0.119636 0.00493372
0.692502 -0.00485285 0.00245441
0.690424 0.0225208 0.00142805
0.688353 -0.101347 0.000766452
0.686288 -0.109255 0.000625638
0.684229 -0.0308011 0.00129567
0.682176 -0.0308011 0.00214705
0.68013 0.0532109 0.00115822
0.678089 0.562222 0.00363239
0.676055 0.223152 0.00196752
0.674027 0.223152 0.00331982
0.672005 -0.113142 0.000502746
0.669989 0.0177984 0.0011002
0.667979 -0.0680958 0.000931795
0.665975 -0.0442154 0.00107621
0.663977 0.222678 0.00203738
0.661985 0.0121022 0.00142471
0.659999 0.0121022 0.00295692
0.658019 0.0121022 0.00366471
0.656045 0.0121022 0.00424234
0.654077 0.505312 0.00277659
0.652115 0.505312 0.00800116
0.650158 0.518708 0.00333537
0.648208 0.132301 0.00181328
0.646263 -0.00581443 0.00133883
0.644325 -0.00515888 0.00151363
0.642392 0.0557593 0.00147835
0.640464 0.00307836 0.00159632
0.638543 0.220425 0.0019619
0.636627 0.135033 0.00190246
0.634717 0.209973 0.00217628
0.632813 0.0498084 0.00140523
0.630915 0.00889442 0.0014081
0.629022 0.10834 0.0014017
0.627135 0.10834 0.00179623
0.625254 0.0148577 0.00148558
0.623378 -0.00533068 0.00208294
0.621508 -0.00533068 0.00342613
0.619643 0.127083 0.00423908
0.617784 0.187519 0.00520043
0.615931 0.295309 0.00553376
0.614083 0.295309 0.00778796
0.612241 0.295309 0.00749485
0.610404 0.295309 0.00923863
0.608573 0.295309 0.0137864
0.606747 0.256626 0.00563069
0.604927 0.666901 0.00797926
0.603112 0.666901 0.0230246
0.601303 0.666901 0.0153083
0.599499 0.00602995 0.00319827
0.597701 -0.106334 0.00101824
0.595907 0.031427 0.00143665
0.59412 0.031427 0.00353213
0.592337 0.326049 0.0023713
0.59056 0.326049 0.00781797
0.588789 0.32061 0.00148466
0.587022 0.32061 0.00291158
0.585261 0.32061 0.00400878
0.583505 0.673054 0.0042254
0.581755 0.673054 0.00773825
0.58001 0.351498 0.00182172
0.57827 0.0584689 0.00157596
0.576535 -0.0943154 0.0010623
0.574805 -0.0527051 0.00110568
0.573081 -0.0155096 0.00128438
0.571362 0.0128123 0.00160428
0.569647 -0.0144372 0.001706
0.567939 0.0715942 0.00438077
0.566235 0.0232528 0.00313606
0.564536 0.223122 0.00664069
0.562842 0.573032 0.0119165
0.561154 0.970093 0.016463
0.55947 0.800333 0.0127522
0.557792 1.03218 0.0136583
0.556119 1.1762 0.0164396
0.55445 1.1762 0.0267008
0.552787 0.772902 0.0139151
0.551129 0.772902 0.0146925
0.549475 1.02139 0.012755
0.547827 0.582975 0.00950481
0.546183 0.908786 0.0137377
0.544545 0.513545 0.0106658
0.542911 0.513545 0.0143767
0.541282 0.40153 0.00712735
0.539658 0.676784 0.0128894
0.53804 0.676784 0.0147054
0.536425 0.446678 0.00861723
0.534816 0.429512 0.00848999
0.533212 0.0789169 0.00403937
0.531612 0.0789169 0.00680844
0.530017 0.0110497 0.0027247
0.528427 -0.0120608 0.001573
0.526842 -0.0133142 0.0016465
0.525261 -0.0153407 0.0017824
0.523686 -0.0073669 0.00217313
0.522115 0.00357389 0.00266527
0.520548 -0.0137756 0.00180407
0.518987 0.0120726 0.00292131
0.51743 -0.0147986 0.00158901
0.515877 0.0216291 0.00130442
0.51433 0.0274854 0.0015715
0.512787 0.0919351 0.00166287
0.511248 0.011092 0.00129299
0.509715 -0.00234559 0.00275501
0.508185 -0.0324544 0.00234609
0.506661 -0.0417487 0.00181911
0.505141 -0.119 0.000614552
0.503625 -0.119 0.00202285
0.502115 -0.0975282 0.000887507
0.500608 -0.00358641 0.0012221
0.499106 -0.121814 0.000573492
0.497609 -0.101339 0.000786055
0.496116 0.0658632 0.00198163
0.494628 -0.0859713 0.00087321
0.493144 -0.0859713 0.00235929
0.491665 -0.0859713 0.00165727
0.49019 -0.02749 0.00148467
0.488719 -0.02749 0.00209128
0.487253 -0.0977187 0.000708946
0.485791 -0.0977187 0.00232348
0.484334 -0.0734403 0.00150718
0.482881 -0.104457 0.00124857
0.481432 -0.11761 0.000599365
0.479988 -0.0556219 0.00124252
0.478548 0.145893 0.00208097
0.477112 0.283468 0.00343843
0.475681 0.0795208 0.00161154
0.474254 -0.0833101 0.000977921
0.472831 -0.0833101 0.00163071
0.471413 0.040658 0.00144921
0.469998 0.286734 0.00208511
0.468588 0.0667553 0.00274964
0.467183 0.661384 0.00600131
0.465781 1.44331 0.00695519
0.464384 1.44331 0.00921991
0.462991 0.509334 0.00437247
0.461602 0.166502 0.00213506
0.460217 0.0188545 0.00269627
0.458836 -0.0696708 0.00152548
0.45746 -0.0338598 0.00186745
0.456087 -0.109415 0.000469132
0.454719 0.0331366 0.00137341
0.453355 -0.10356 0.000731864
0.451995 0.0307004 0.00126724
0.450639 0.18838 0.00195198
0.449287 0.0243385 0.00147464
0.447939 -0.0538907 0.000878262
0.446595 -0.121455 0.000670569
0.445255 -0.121455 0.00174628
0.44392 0.0392065 0.0012629
0.442588 0.0392065 0.00222022
0.44126 0.113271 0.00169593
0.439936 0.217589 0.00290818
0.438616 0.767683 0.0058821
0.437301 0.827737 0.00500808
0.435989 0.652366 0.00508031
0.434681 0.663729 0.00483403
0.433377 0.663729 0.00702166
0.432077 0.663729 0.0129901
0.43078 0.528048 0.00269352
0.429488 0.731262 0.0028722
0.4282 0.211156 0.00278512
0.426915 0.211156 0.00497454
0.425634 0.196106 0.00230876
0.424357 0.649698 0.00444518
0.423084 0.649698 0.00441941
0.421815 1.31681 0.00801795
0.42055 1.31681 0.0196491
0.419288 0.583426 0.00474624
0.41803 0.583426 0.0136353
0.416776 0.781068 0.00519548
0.415526 1.0543 0.00431508
0.414279 1.0543 0.0127053
0.413036 1.56595 0.0070121
0.411797 1.54861 0.00643805
0.410562 1.54861 0.0133783
0.40933 1.45665 0.00591394
0.408102 1.11836 0.00461741
0.406878 0.714755 0.00365323
0.405657 0.922847 0.00458758
0.40444 0.922847 0.00595077
0.403227 0.491685 0.00280088
0.402017 0.163725 0.00193368
0.400811 0.127616 0.00149107
0.399609 -0.0488023 0.000846511
0.39841 -0.0298835 0.0010151
0.397215 0.140453 0.00174035
0.396023 -0.0734924 0.000811881
0.394835 -0.0221795 0.000979734
0.39365 -0.113507 0.00085118
0.392469 -0.076245 0.000771999
0.391292 -0.0147624 0.00127054
0.390118 0.0575206 0.0016458
0.388948 -0.0204968 0.00136452
0.387781 -0.0204968 0.00135936
0.386618 0.00751861 0.00129534
0.385458 -0.00247984 0.00161801
0.384301 -0.0183317 0.00171944
0.383148 0.0190394 0.00146307
0.381999 0.0950135 0.00162632
0.380853 0.0134207 0.00137543
0.37971 -0.0156607 0.00191189
0.378571 0.00917075 0.00159675
0.377436 0.0498537 0.00146466
0.376303 0.1175 0.00187787
0.375174 0.083394 0.00162202
0.374049 0.142471 0.00174021
0.372927 0.112409 0.00172094
0.371808 0.0321732 0.00122516
0.370693 0.0896485 0.00162382
0.36958 0.166211 0.00187354
0.368472 0.12845 0.00173085
0.367366 0.26702 0.00240328
0.366264 0.254434 0.00215019
0.365165 0.452624 0.0027228
0.36407 0.452624 0.00391596
0.362978 0.614459 0.00352917
0.361889 0.614459 0.00467758
0.360803 0.316518 0.00233626
0.359721 0.240863 0.00218934
0.358642 0.172355 0.00195868
0.357566 0.115816 0.0017475
0.356493 0.115816 0.00257635
0.355423 0.0765453 0.00143459
0.354357 0.224 0.00211717
0.353294 -0.00381309 0.00125362
0.352234 0.0137983 0.00112056
0.351177 0.0893529 0.00143959
0.350124 -0.0698498 0.000855334
0.349074 -0.0698498 0.00128965
0.348026 -0.0653522 0.00113181
0.346982 -0.0455465 0.00156346
0.345941 -0.0173311 0.00130897
0.344904 -0.0173311 0.00145545
0.343869 -0.0173311 0.00150218
0.342837 -0.0407708 0.0012728
0.341809 -0.00233366 0.00129529
0.340783 0.151913 0.00182714
0.339761 0.0877324 0.00165255
0.338742 0.0322003 0.00139412
0.337725 -0.00128398 0.00135222
0.336712 -0.015281 0.00173622
0.335702 -0.0161771 0.00178312
0.334695 -0.00464743 0.00129474
0.333691 0.0303243 0.00151426
0.33269 -0.00439708 0.00152191
0.331692 -0.0101284 0.00139229
0.330697 -0.00863662 0.00141912
0.329705 0.0297016 0.00136168
0.328715 -0.00431649 0.00155009
0.327729 0.0358506 0.00147006
0.326746 0.0905955 0.0017683
0.325766 0.13714 0.00181628
0.324789 0.153749 0.00200209
0.323814 0.064659 0.00137525
0.322843 0.0174285 0.0013314
0.321874 -0.00689336 0.0013279
0.320909 0.0264371 0.00135214
0.319946 -0.00953326 0.00152051
0.318986 -0.00905397 0.00135983
0.318029 -0.0236318 0.00160794
0.317075 -0.0189723 0.00147551
0.316124 -0.0152481 0.00225206
0.315175 0.000592695 0.00239132
0.31423 0.0620933 0.00327714
0.313287 0.0513099 0.00324066
0.312347 0.0672909 0.00435416
0.31141 0.187397 0.00569339
0.310476 0.187397 0.00601699
0.309545 0.0757968 0.00392855
0.308616 0.0869091 0.00386129
0.30769 0.0195669 0.00294721
0.306767 0.0339244 0.00344305
0.305847 0.0111234 0.00290647
0.304929 0.0111234 0.0045347
0.304014 0.0111234 0.00357323
0.303102 0.0558136 0.00412453
0.302193 0.0517954 0.00376079
0.301287 0.0195492 0.00285122
0.300383 0.0646572 0.00392525
0.299482 0.0246719 0.00309493
0.298583 0.0011503 0.00234044
0.297687 0.00293795 0.00262988
0.296794 0.059603 0.00369215
0.295904 0.115928 0.00427028
0.295016 0.117418 0.00433708
0.294131 0.0869486 0.00392991
0.293249 0.0839382 0.00414502
0.292369 0.119067 0.00463605
0.291492 0.18704 0.00580624
0.290617 0.247413 0.00653759
0.289746 0.25646 0.00619813
0.288876 0.303093 0.0069242
0.28801 0.312771 0.00667146
0.287146 0.415746 0.00870216
0.286284 0.556342 0.00992549
0.285425 0.556342 0.0109471
0.284569 0.33221 0.00780669
0.283715 0.33221 0.00892479
0.282864 0.282548 0.00802225
0.282016 0.169828 0.00498367
0.28117 0.148784 0.0052012
0.280326 0.12322 0.00479769
0.279485 0.0415308 0.00340307
0.278647 0.00512063 0.00274439
0.277811 -0.00791946 0.00235619
0.276977 0.0245529 0.00345583
0.276146 0.0305258 0.00351741
0.275318 0.0114604 0.00276945
0.274492 0.0295514 0.00281929
0.273668 0.0664755 0.00290815
0.272847 0.0429012 0.00386963
0.272029 0.0351311 0.00320378
0.271213 0.0251233 0.00302709
0.270399 0.0172893 0.00273701
0.269588 0.0685087 0.00405027
0.268779 0.036065 0.00350443
0.267973 0.0220345 0.00290417
0.267169 0.0129469 0.00238529
0.266367 -0.00739492 0.00223637
0.265568 0.0190422 0.00312072
0.264772 -0.00604611 0.00207872
0.263977 0.0423695 0.00361437
0.263185 0.0742137 0.00410368
0.262396 0.0654389 0.00349866
0.261609 0.0286958 0.00313384
0.260824 0.0574644 0.00374779
0.260041 0.0904911 0.00418405
0.259261 0.0683366 0.00385959
0.258483 0.163363 0.00551355
0.257708 0.0573913 0.00392579
0.256935 0.0573913 0.0056891
0.256164 0.00937885 0.0027544
0.255396 0.0175399 0.00293947
0.254629 0.0542854 0.00406888
0.253866 0.0180539 0.00326407
0.253104 -0.00654012 0.00252767
0.252345 -0.0153156 0.00189158
0.251588 -0.000844183 0.00229242
0.250833 0.00243462 0.00239481
0.25008 0.0687812 0.00368751
0.24933 0.0950372 0.00417375
0.248582 0.0982367 0.00457239
0.247836 0.067155 0.00405977
0.247093 0.0869688 0.0040192
0.246352 0.15912 0.00521575
0.245613 0.112162 0.00426575
0.244876 0.15726 0.00554292
0.244141 0.143617 0.00516612
0.243409 0.268913 0.00718426
0.242678 0.44945 0.0105583
0.24195 0.450302 0.00888856
0.241225 0.450302 0.0118947
0.240501 0.366268 0.0081156
0.239779 0.366268 0.0103527
0.23906 0.366268 0.00876952
0.238343 0.25902 0.00641604
0.237628 0.306516 0.00676891
0.236915 0.270621 0.00628627
0.236204 0.220413 0.00517753
0.235496 0.237421 0.00670519
0.234789 0.237421 0.00896671
0.234085 0.293407 0.00647252
0.233382 0.275778 0.00660756
0.232682 0.394567 0.00907415
0.231984 0.394567 0.0089921
0.231288 0.285619 0.00749511
0.230594 0.379366 0.00849972
0.229903 0.379366 0.00786508
0.229213 0.358514 0.00676394
0.228525 0.220333 0.00502634
0.22784 0.202458 0.00611812
0.227156 0.100224 0.00400566
0.226475 0.0461291 0.003345
0.225795 0.0757476 0.0039619
0.225118 0.0125089 0.00287475
0.224443 -0.00623764 0.00244415
0.223769 -0.0138128 0.00180456
0.223098 -0.0216159 0.0017419
0.222429 -0.0114613 0.00225915
0.221761 -0.0142048 0.00173057
0.221096 -0.0152921 0.00149539
0.220433 -0.0138531 0.00168093
0.219771 -0.0162278 0.00176984
0.219112 -0.0119287 0.00161356
0.218455 -0.0150171 0.00167864
0.217799 -0.0150843 0.00172629
0.217146 -0.0127645 0.00150235
0.216495 -0.00949305 0.00146063
0.215845 0.0019425 0.001419
0.215198 0.0421512 0.00131393
0.214552 0.0505323 0.00153597
0.213908 0.0421037 0.00141895
0.213267 -0.00343145 0.00160919
0.212627 0.00443551 0.00148353
0.211989 -0.00898077 0.00132929
0.211353 -0.0130945 0.00175045
0.210719 -0.0120903 0.00171411
0.210087 -0.0158444 0.00161525
0.209457 -0.0112723 0.00194851
0.208828 0.00477215 0.0027596
0.208202 0.00540227 0.00228498
0.207577 -0.00805191 0.00227283
0.206954 -0.0146428 0.00198369
0.206333 -0.0143889 0.00154781
0.205714 -0.0161615 0.00163845
0.205097 -0.0122139 0.00196508
0.204482 -0.000157918 0.00230139
0.203869 0.00784092 0.00260787
0.203257 0.0572696 0.00355712
0.202647 0.0650561 0.00370814
0.202039 0.0763599 0.00386483
0.201433 0.108306 0.00436876
0.200829 0.0633628 0.00394728
0.200226 0.00921655 0.00269712
0.199626 0.0169976 0.00275599
0.199027 -0.0126491 0.00228126
0.19843 0.00169187 0.00264259
0.197834 0.0177631 0.00303778
0.197241 0.0177631 0.00422239
0.196649 0.0186516 0.00280018
0.196059 0.0401339 0.00283705
0.195471 0.0654409 0.00389736
0.194885 0.0757313 0.00341633
0.1943 0.0566182 0.00403789
0.193717 -0.0114704 0.00277087
0.193136 -0.0140667 0.00209429
0.192557 0.0401417 0.00360905
0.191979 0.0513208 0.00371175
0.191403 0.043782 0.00324293
0.190829 -0.0134349 0.00234721
0.190256 -0.0235033 0.00215308
0.189685 -0.0526415 0.00180099
0.189116 -0.0166557 0.00242822
0.188549 0.0300268 0.00313956
0.187983 0.0775741 0.00340302
0.187419 0.0775741 0.00505273
0.186857 0.0873036 0.00347462
0.186297 0.0495275 0.00304684
0.185738 0.0495275 0.00353138
0.185181 0.21885 0.00398366
0.184625 0.21885 0.0055574
0.184071 0.21885 0.00557549
0.183519 0.21885 0.00564479
0.182968 0.259481 0.00387704
0.182419 0.234965 0.00477669
0.181872 0.20028 0.00500369
0.181327 0.20028 0.00493734
0.180783 0.168731 0.00426447
0.18024 0.0267118 0.00295816
0.1797 0.0321798 0.00347665
0.17916 0.133111 0.00446782
0.178623 0.0506528 0.00296474
0.178087 0.119986 0.00404627
0.177553 0.188682 0.00513795
0.17702 0.102335 0.00396547
0.176489 0.146514 0.0044678
0.17596 0.0547167 0.00424116
0.175432 0.0101149 0.0028616
0.174905 0.0130483 0.00289518
0.174381 -0.000640721 0.00246917
0.173858 -0.0180089 0.00179089
0.173336 -0.0181275 0.00221159
0.172816 0.0207257 0.00309696
0.172298 0.0947353 0.00421364
0.171781 0.0947353 0.00496889
0.171265 0.143375 0.00481163
0.170752 0.100458 0.00415908
0.170239 0.0910511 0.00349423
0.169729 0.0144703 0.00292274
0.169219 -0.0134843 0.00218104
0.168712 0.0105939 0.00275982
0.168206 0.00834706 0.00288805
0.167701 0.0362192 0.00398389
0.167198 0.0389207 0.00313493
0.166696 0.0506174 0.00371745
0.166196 0.10254 0.0045747
0.165698 0.112394 0.0044758
0.165201 0.0390929 0.00347973
0.164705 0.0890293 0.00448139
0.164211 0.0362342 0.00353282
0.163718 0.0362342 0.00471482
0.163227 0.0105514 0.00240167
0.162737 0.00113275 0.00250576
0.162249 -0.00225464 0.0025693
0.161762 -0.0224134 0.00184668
0.161277 -0.00567071 0.00246875
0.160793 -0.0149053 0.00241797
0.160311 -0.0217006 0.00195154
0.15983 -0.0189096 0.00180975
0.15935 -0.0193826 0.00173168
0.158872 -0.0182847 0.00187366
0.158396 -0.0194867 0.00191134
0.157921 -0.0178357 0.00187043
0.157447 -0.0198441 0.00209768
0.156974 -0.0219803 0.00186432
0.156504 -0.0275301 0.00169652
0.156034 0.00564771 0.00254709
0.155566 0.0157494 0.00301033
0.155099 -0.019099 0.00202657
0.154634 -0.0216884 0.00216573
0.15417 -0.0302192 0.00226039
0.153708 -0.0392389 0.00224458
0.153246 -0.0412296 0.00193914
0.152787 -0.0490962 0.00150085
0.152328 -0.0611072 0.00149891
0.151871 -0.0464726 0.00206001
0.151416 -0.0393077 0.00201759
0.150961 -0.0172559 0.00245771
0.150509 0.0880974 0.00411202
0.150057 0.0804343 0.00368764
0.149607 0.0734849 0.00394678
0.149158 0.109865 0.00502978
0.148711 0.0559057 0.00298136
0.148264 0.0137153 0.0031216
0.14782 0.00745006 0.00283168
0.147376 0.0189415 0.00344292
0.146934 0.00222246 0.00308871
0.146493 -0.00300552 0.00242705
0.146054 -0.00997568 0.00272516
0.145616 -0.00997568 0.00338627
0.145179 -0.0184572 0.00242056
0.144743 -0.0331399 0.00234911
0.144309 -0.0198698 0.00266583
0.143876 0.0293619 0.0029915
0.143444 -0.00159115 0.0025407
0.143014 0.00373534 0.00294355
0.142585 -0.0324984 0.00202588
0.142157 -0.0601461 0.00190097
0.141731 -0.0559876 0.00210827
0.141306 -0.0571968 0.00196891
0.140882 -0.0585225 0.0018181
0.140459 -0.0651803 0.00147302
0.140038 -0.0452754 0.00211641
0.139618 -0.0390034 0.00213801
0.139199 -0.0508252 0.00158341
0.138781 -0.0448045 0.00167571
0.138365 -0.0380793 0.00156287
0.13795 -0.0276383 0.00131613
0.137536 -0.0306278 0.00161179
0.137123 -0.0317553 0.00165278
0.136712 -0.0346304 0.0016683
0.136302 -0.0258228 0.00194789
0.135893 -0.0318393 0.00211296
0.135485 -0.0186151 0.00233366
0.135079 -0.0200895 0.00205545
0.134674 0.00949551 0.00349156
0.134269 0.0185942 0.00276048
0.133867 -0.0153199 0.00210155
0.133465 -0.0159682 0.00230581
0.133065 -0.0162042 0.00230781
0.132665 -0.0233504 0.00216086
0.132267 -0.0270742 0.0018556
0.131871 -0.0283459 0.00159416
0.131475 -0.0280712 0.00163555
0.131081 -0.0251498 0.00180097
0.130687 -0.0250084 0.00170813
0.130295 -0.0284047 0.00170236
0.129904 -0.0121188 0.00148419
0.129515 -0.0234449 0.00135506
0.129126 -0.0114441 0.00144548
0.128739 -0.0235603 0.00152367
0.128353 -0.0237119 0.00158162
0.127968 -0.0307363 0.00153573
0.127584 -0.0257534 0.00148579
0.127201 -0.0288884 0.00180222
0.126819 -0.029316 0.00185386
0.126439 -0.0350146 0.00211086
0.12606 -0.041474 0.00171808
0.125681 -0.0341908 0.00135188
0.125304 -0.0270224 0.00153421
0.124928 -0.0262642 0.0013898
0.124554 -0.0128128 0.00133514
0.12418 -0.00295761 0.00134414
0.123807 0.00818355 0.00142217
0.123436 0.00131144 0.00128108
0.123066 0.00131144 0.00127568
0.122696 -0.0192282 0.00140219
0.122328 -0.0203642 0.00145556
0.121961 -0.0292324 0.00149068
0.121596 -0.0307049 0.00183625
0.121231 -0.029217 0.00165494
0.120867 -0.027074 0.0015775
0.120504 -0.0316561 0.00150329
0.120143 -0.0316561 0.00151262
0.119782 -0.0286835 0.00153777
0.119423 -0.0182464 0.00147623
0.119065 -0.0279231 0.00154085
0.118708 -0.0249844 0.00186526
0.118352 -0.0272766 0.00211694
0.117996 -0.019332 0.00185477
0.117643 -0.0253034 0.00196827
0.11729 -0.0192778 0.00237492
0.116938 -0.0315589 0.00202085
0.116587 -0.0191145 0.00204126
0.116237 -0.0282577 0.00206875
0.115888 -0.0224391 0.00209798
0.115541 -0.0105867 0.00245793
0.115194 -0.0048223 0.00273286
0.114849 0.00847381 0.00256743
0.114504 -0.0081011 0.00266445
0.114161 0.00421587 0.00215619
0.113818 -0.0088817 0.00276421
0.113477 -0.0142288 0.00221868
0.113136 -0.0205943 0.0019322
0.112797 -0.0276654 0.00190669
0.112458 -0.0290305 0.00167613
0.112121 -0.0316932 0.00142221
0.111785 -0.0290398 0.00171004
0.111449 -0.0233932 0.00168848
0.111115 -0.0256281 0.00168713
0.110782 -0.0213295 0.00149788
0.110449 -0.0151289 0.00149096
0.110118 -0.0025398 0.00147081
0.109788 -0.0167921 0.00191075
0.109458 -0.0163732 0.00162789
0.10913 -0.0150841 0.00154993
0.108802 -0.0163297 0.00165817
0.108476 -0.0149447 0.00176248
0.108151 -0.0111346 0.00159628
0.107826 -0.0158261 0.0016267
0.107503 -0.0132884 0.00157735
0.10718 -0.0157941 0.0014343
0.106859 -0.0144843 0.00164951
0.106538 -0.0196302 0.0015257
0.106218 -0.0129147 0.00141594
0.1059 -0.0205396 0.00161191
0.105582 -0.0265766 0.00141012
0.105265 -0.0233582 0.00152145
0.104949 -0.0173072 0.00142218
0.104635 -0.0173072 0.00144124
0.104321 -0.0107237 0.00147949
0.104008 -0.0189238 0.00148226
0.103696 -0.0171525 0.00145096
0.103385 -0.0184369 0.00154591
0.103075 -0.0111339 0.00133377
0.102765 -0.00727197 0.0016994
0.102457 0.00507641 0.00147271
0.10215 0.016039 0.00144579
0.101843 0.00361485 0.00148626
0.101538 -0.000969926 0.00169992
0.101233 -0.0120791 0.00129058
0.100929 -0.0168878 0.00189042
0.100627 -0.0165245 0.00189279
0.100325 -0.0200724 0.00153964
0.100024 -0.0100494 0.00230127
0.0997236 -0.00782198 0.00242048
0.0994244 -0.00628432 0.00263644
0.0991262 0.00979282 0.00283207
0.0988288 0.0267999 0.00307258
0.0985323 0.0493228 0.00335135
0.0982367 0.0325859 0.00305968
0.097942 0.0451122 0.00348843
0.0976482 0.0265118 0.00300764
0.0973552 0.0134355 0.00271031
0.0970632 0.00631621 0.00229273
0.096772 0.0206789 0.00291983
0.0964817 0.0315786 0.00307297
0.0961922 0.0186727 0.00331801
0.0959036 0.0406459 0.00347172
0.0956159 0.0631523 0.00429362
0.0953291 0.0392495 0.00319347
0.0950431 0.0264712 0.00296915
0.094758 0.0414375 0.00349538
0.0944737 0.0698892 0.00403929
0.0941903 0.0847932 0.00445185
0.0939077 0.0888474 0.00411434
0.093626 0.0888474 0.00441432
0.0933451 0.0915005 0.0043164
0.0930651 0.110656 0.0041108
0.0927859 0.110656 0.0047072
0.0925075 0.135973 0.00478428
0.09223 0.135973 0.00614043
0.0919533 0.109597 0.00408585
0.0916774 0.111332 0.0049717
0.0914024 0.100996 0.0044176
0.0911282 0.0889469 0.00460694
0.0908548 0.0924194 0.00433685
0.0905822 0.133518 0.00473985
0.0903105 0.133518 0.00600998
0.0900396 0.154724 0.00431126
0.0897694 0.116684 0.0042156
0.0895001 0.117449 0.00430952
0.0892316 0.0964238 0.00464128
0.0889639 0.110807 0.0042785
0.088697 0.0946034 0.00347232
0.088431 0.0768052 0.00386541
0.0881657 0.0663897 0.00433716
0.0879012 0.0506393 0.00338671
0.0876375 0.0724585 0.00433031
0.0873746 0.0495223 0.00403828
0.0871124 0.0806016 0.00388132
0.0868511 0.0424301 0.0032145
0.0865905 0.0454814 0.00351007
0.0863308 0.0480979 0.00301392
0.0860718 0.0482765 0.00339621
0.0858136 0.0634155 0.00381027
0.0855561 0.0756193 0.00365689
0.0852994 0.100219 0.00448792
0.0850436 0.100219 0.00491451
0.0847884 0.112351 0.00400206
0.0845341 0.116927 0.00429328
0.0842805 0.0993232 0.00413127
0.0840276 0.0951167 0.0037184
0.0837755 0.0610584 0.00335668
0.0835242 0.0908272 0.00461894
0.0832736 0.0749192 0.00406447
0.0830238 0.0681601 0.00361396
0.0827747 0.0681601 0.00375851
0.0825264 0.0541825 0.00369628
0.0822788 0.041369 0.00294595
0.082032 0.0368765 0.00312949
0.0817859 0.0368765 0.00318737
0.0815405 0.0305951 0.00345646
0.0812959 0.0230784 0.00293948
0.081052 0.0536832 0.00377788
0.0808089 0.0536832 0.00383481
0.0805665 0.0841264 0.00414328
0.0803248 0.0720297 0.00416361
0.0800838 0.0758335 0.00420546
0.0798435 0.0436072 0.003964
0.079604 0.0436072 0.0040774
0.0793652 0.0684638 0.0036158
0.0791271 0.0627592 0.00346329
0.0788897 0.0627592 0.00367489
0.078653 0.0609295 0.0032379
0.0784171 0.0485781 0.00353566
0.0781818 0.0383335 0.0031378
0.0779473 0.0329955 0.00313645
0.0777134 0.0457371 0.00335992
0.0774803 0.0488582 0.00297059
0.0772479 0.0502601 0.00368075
0.0770161 0.0651126 0.00338691
0.0767851 0.0905215 0.00364922
0.0765547 0.138734 0.00428177
0.076325 0.138734 0.00526348
0.0760961 0.114442 0.00423726
0.0758678 0.138113 0.00449873
0.0756402 0.120565 0.00399543
0.0754133 0.102494 0.0041449
0.075187 0.127309 0.00484627
0.0749615 0.129328 0.00520509
0.0747366 0.143573 0.00417899
0.0745124 0.143573 0.0055065
0.0742888 0.098816 0.00413128
0.074066 0.0656055 0.0036168
0.0738438 0.0594237 0.0036712
0.0736222 0.0437333 0.00360459
0.0734014 0.0437333 0.00370014
0.0731812 0.0750577 0.00374915
0.0729616 0.0865939 0.00410591
0.0727427 0.0692509 0.00377857
0.0725245 0.0852806 0.00399731
0.0723069 0.0520773 0.00331064
0.07209 0.0719189 0.00391156
0.0718737 0.0719189 0.00380177
0.0716581 0.0882415 0.00341343
0.0714431 0.107785 0.00462045
0.0712288 0.0899403 0.00444099
0.0710151 0.0689618 0.00371771
0.0708021 0.0573283 0.00354379
0.0705897 0.0765533 0.00364457
0.0703779 0.0741356 0.00386523
0.0701668 0.0614363 0.00317022
0.0699563 0.0737535 0.00376233
0.0697464 0.0799726 0.00348023
0.0695372 0.060019 0.00374506
0.0693286 0.0601678 0.003406
0.0691206 0.0914992 0.00409488
0.0689132 0.105082 0.00492298
0.0687065 0.0865478 0.00377272
0.0685003 0.096911 0.00476352
0.0682948 0.103303 0.00390326
0.06809 0.0875294 0.00356698
0.0678857 0.0835878 0.00361354
0.067682 0.107236 0.0043774
0.067479 0.0973289 0.00334899
0.0672766 0.0619441 0.0044166
0.0670747 0.0800502 0.00400269
0.0668735 0.0863426 0.00410278
0.0666729 0.0947728 0.00394934
0.0664729 0.0723978 0.00336114
0.0662734 0.0562381 0.00341125
0.0660746 0.0479619 0.00436675
0.0658764 0.0379102 0.0030081
0.0656788 0.0299481 0.00342967
0.0654817 0.0543531 0.00329436
0.0652853 0.0563633 0.00354731
0.0650894 0.0475311 0.00349452
0.0648942 0.0436649 0.00338269
0.0646995 0.0287774 0.00292049
0.0645054 0.0374375 0.00297608
0.0643119 0.0374375 0.00334272
0.0641189 0.0318637 0.00360672
0.0639266 0.0153556 0.00312614
0.0637348 0.0224205 0.00279892
0.0635436 0.0256696 0.00276884
0.063353 0.0248149 0.0031114
0.0631629 0.0255396 0.00306812
0.0629734 0.0260409 0.00319125
0.0627845 0.027213 0.00297793
0.0625961 0.0212 0.00285055
0.0624083 0.0188365 0.00308939
0.0622211 0.0299135 0.00332392
0.0620345 0.0228898 0.0027182
0.0618484 0.0186517 0.00321704
0.0616628 0.0165165 0.0033238
0.0614778 0.00448154 0.002339
0.0612934 0.0122759 0.003336
0.0611095 0.00283489 0.00250848
0.0609262 -0.00123646 0.00235334
0.0607434 -0.00612292 0.002209
0.0605612 -0.0105003 0.00222844
0.0603795 -0.00378953 0.00231226
0.0601983 -0.0109545 0.00223308
0.0600178 -0.0121004 0.0021194
0.0598377 0.00274324 0.00230449
0.0596582 -0.00486487 0.00240776
0.0594792 -0.00588831 0.00216045
0.0593008 -0.00588831 0.00222477
0.0591229 -0.00588831 0.00234802
0.0589455 -0.00130374 0.00242835
0.0587687 -0.00507602 0.00236032
0.0585924 -0.00507602 0.00246886
0.0584166 -0.00998235 0.00210782
0.0582413 -0.00718125 0.00203555
0.0580666 -0.00376718 0.00253737
0.0578924 -0.0116541 0.00203061
0.0577187 -0.000345198 0.00248547
0.0575456 -0.00616992 0.00207874
0.0573729 -0.00649252 0.00217446
0.0572008 -0.00785751 0.00250398
0.0570292 -0.00439451 0.00259181
0.0568581 0.000825985 0.00255525
0.0566876 -0.00676511 0.00203649
0.0565175 -0.0174415 0.00181312
0.0563479 -0.0174194 0.00201688
0.0561789 -0.0171751 0.00198241
0.0560104 -0.0170032 0.00182046
0.0558423 -0.0151255 0.00209107
0.0556748 -0.0165399 0.00182459
0.0555078 -0.0183749 0.00171212
0.0553413 -0.0132758 0.00184662
0.0551752 -0.0127884 0.00187977
0.0550097 -0.0127884 0.00226878
0.0548447 -0.0127884 0.00213305
0.0546801 -0.0154426 0.00202486
0.0545161 -0.015192 0.00196997
0.0543526 -0.0174104 0.00184508
0.0541895 -0.0131287 0.00205458
0.0540269 -0.0173374 0.00185676
0.0538648 -0.0151665 0.00183146
0.0537033 -0.015405 0.00150212
0.0535421 -0.0168042 0.00165081
0.0533815 -0.0175249 0.00199079
0.0532214 -0.0157311 0.00174592
0.0530617 -0.0141858 0.00171637
0.0529025 -0.009996 0.00199461
0.0527438 -0.0109163 0.00205522
0.0525856 -0.0139559 0.00215283
0.0524278 -0.0152928 0.00201042
0.0522705 -0.0139757 0.00183604
0.0521137 -0.00769713 0.0023402
0.0519574 -0.00575174 0.00245685
0.0518015 -0.0109802 0.00239223
0.0516461 -0.00908019 0.0020947
0.0514912 -0.0107518 0.00182936
0.0513367 -0.00666542 0.00217555
0.0511827 -0.001603 0.00284851
0.0510291 -0.00107635 0.00272108
0.0508761 -0.00460119 0.00227496
0.0507234 -0.0128738 0.00242508
0.0505713 -0.00549614 0.00200631
0.0504195 -0.0048684 0.00256298
0.0502683 -0.00783203 0.00201198
0.0501175 -0.0150461 0.00191037
0.0499671 -0.0193257 0.00203905
0.0498172 -0.0151558 0.00213586
0.0496678 -0.0148818 0.00176003
0.0495188 -0.0197833 0.00161929
0.0493702 -0.0204461 0.00181864
0.0492221 -0.0181604 0.00169691
0.0490744 -0.0137187 0.00192855
0.0489272 -0.0143183 0.00155624
0.0487804 -0.0155217 0.00190664
0.0486341 -0.0166256 0.00159236
0.0484882 -0.0122487 0.00168432
0.0483427 -0.0156028 0.00150525
0.0481977 -0.0129977 0.00161383
0.0480531 -0.0163669 0.0018956
0.0479089 -0.0146038 0.00187242
0.0477652 -0.016263 0.00198673
0.0476219 -0.0174445 0.0017046
0.0474791 -0.0183295 0.00166523
0.0473366 -0.0141401 0.00172318
0.0471946 -0.0130895 0.00166267
0.047053 -0.013308 0.00196036
0.0469119 -0.0167957 0.00193526
0.0467711 -0.017739 0.00180097
0.0466308 -0.0157943 0.00180505
0.0464909 -0.0180921 0.00168844
0.0463515 -0.0163925 0.0019084
0.0462124 -0.0182151 0.00192751
0.0460738 -0.01636 0.00191653
0.0459355 -0.0136537 0.0017743
0.0457977 -0.0164326 0.00158963
0.0456603 -0.0147342 0.00155019
0.0455234 -0.0205673 0.00153592
0.0453868 -0.0135973 0.00183401
0.0452506 -0.0166795 0.00188943
0.0451149 -0.019441 0.00191781
0.0449795 -0.0209451 0.00177261
0.0448446 -0.019841 0.00173677
0.0447101 -0.0177403 0.0019665
0.0445759 -0.0154182 0.00189919
0.0444422 -0.0155745 0.00228886
0.0443089 -0.018808 0.00201656
0.0441759 -0.0185162 0.00185812
0.0440434 -0.0140741 0.00199496
0.0439113 -0.0158417 0.00201455
0.0437796 -0.0166598 0.00182705
0.0436482 -0.0166609 0.00160608
0.0435173 -0.0163017 0.00174737
0.0433867 -0.0133252 0.00184177
0.0432566 -0.0142814 0.00192966
0.0431268 -0.0187283 0.00178702
0.0429974 -0.0177335 0.00156278
0.0428684 -0.0182675 0.00164551
0.0427398 -0.0134588 0.0019753
0.0426116 -0.0130578 0.00203593
0.0424838 -0.017722 0.00182841
0.0423563 -0.0161863 0.00177393
0.0422292 -0.0132976 0.00191482
0.0421026 -0.0148204 0.00183592
0.0419762 -0.0201293 0.00169848
0.0418503 -0.0150337 0.00167912
0.0417248 -0.0154232 0.00189217
0.0415996 -0.0131025 0.00188741
0.0414748 -0.0165438 0.00181528
0.0413504 -0.014454 0.00208513
0.0412263 -0.0174358 0.00215542
0.0411026 -0.0176311 0.00213399
0.0409793 -0.0172967 0.00208119
0.0408564 -0.0150228 0.00165538
0.0407338 -0.0165951 0.0021981
0.0406116 -0.0165951 0.00203445
0.0404898 -0.0143172 0.00191192
0.0403683 -0.0151209 0.00188632
0.0402472 -0.0185414 0.00190351
0.0401265 -0.0183483 0.00166024
0.0400061 -0.0178121 0.001764
0.0398861 -0.0172032 0.00203565
0.0397664 -0.0109801 0.00200617
0.0396471 -0.0116043 0.0021304
0.0395282 -0.00953505 0.00211155
0.0394096 -0.0146077 0.00212699
0.0392914 -0.0125768 0.00187346
0.0391735 -0.0158132 0.00199737
0.039056 -0.0163127 0.00192346
0.0389388 -0.0143521 0.00212493
0.038822 -0.0149148 0.00177539
0.0387055 -0.0132918 0.0019299
0.0385894 -0.0119767 0.00172281
0.0384736 -0.0166579 0.00156665
0.0383582 -0.0157437 0.00155485
0.0382431 -0.0153899 0.00165187
0.0381284 -0.0140683 0.00151264
0.038014 -0.0146268 0.00159387
0.0379 -0.0181948 0.00158811
0.0377863 -0.0137151 0.00151549
0.0376729 -0.0155361 0.00154431
0.0375599 -0.0152248 0.00151117
0.0374472 -0.0154562 0.00154982
0.0373349 -0.0124283 0.00147646
0.0372229 -0.0123025 0.00162403
0.0371112 -0.00963833 0.00138233
0.0369999 -0.0117885 0.00142042
0.0368889 -0.0100114 0.00145799
0.0367782 -0.00979658 0.00179791
0.0366679 -0.0053421 0.00135825
0.0365579 -0.0028448 0.00139999
0.0364482 -0.010613 0.00137734
0.0363389 -0.00521805 0.00145401
0.0362298 -0.00864442 0.00148817
0.0361211 -0.0112099 0.00159141
0.0360128 -0.0119727 0.00144963
0.0359047 -0.0109603 0.00139615
0.035797 -0.00868851 0.0016336
0.0356896 -0.0107999 0.00124745
0.0355826 -0.0130434 0.00152282
0.0354758 -0.0144426 0.00150498
0.0353694 -0.0161732 0.0012603
0.0352633 -0.0162696 0.00174648
0.0351575 -0.014113 0.00162981
0.035052 -0.014113 0.0018299
0.0349469 -0.01564 0.00195316
0.034842 -0.0173688 0.00146958
0.0347375 -0.0164107 0.00161759
0.0346333 -0.0160828 0.00145341
0.0345294 -0.0139361 0.0017427
0.0344258 -0.0151214 0.00166869
0.0343225 -0.0100108 0.00176193
0.0342196 -0.00942587 0.00151581
0.0341169 -0.00958155 0.00167603
0.0340145 -0.0083831 0.00157959
0.0339125 -0.00985447 0.00178612
0.0338108 -0.00939783 0.00150489
0.0337093 -0.00693441 0.00142349
0.0336082 -0.00262656 0.00155692
0.0335074 -0.00684586 0.00122229
0.0334069 -0.00979055 0.00162436
0.0333066 -0.00899567 0.00157818
0.0332067 -0.0104913 0.00162357
0.0331071 -0.00877935 0.00138485
0.0330078 -0.00927051 0.0015992
0.0329088 -0.0120748 0.00144246
0.03281 -0.0129835 0.00148845
0.0327116 -0.00869906 0.00147191
0.0326135 -0.0106357 0.00140003
0.0325156 -0.00767306 0.00159744
0.0324181 -0.00957439 0.0015826
0.0323208 -0.0127387 0.00148624
0.0322239 -0.0113812 0.00140893
0.0321272 -0.0121378 0.00159087
0.0320308 -0.00770501 0.00148203
0.0319347 -0.00565058 0.00147477
0.0318389 -0.00999381 0.00155062
0.0317434 -0.0100045 0.00153929
0.0316482 -0.0121606 0.00148716
0.0315532 -0.0116553 0.00140034
0.0314586 -0.010674 0.00146377
0.0313642 -0.0137808 0.00158538
0.0312701 -0.0166916 0.00145543
0.0311763 -0.014055 0.00152707
0.0310827 -0.0123838 0.00156064
0.0309895 -0.0120075 0.00126402
0.0308965 -0.0114683 0.00154557
0.0308038 -0.00700917 0.00139667
0.0307114 -0.01174 0.00150955
0.0306193 -0.0131696 0.00140041
0.0305274 -0.0155077 0.00158884
0.0304359 -0.0164778 0.00173561
0.0303445 -0.0123161 0.00150371
0.0302535 -0.0123161 0.0015633
0.0301628 -0.0137735 0.00148315
0.0300723 -0.0107625 0.00155283
0.029982 -0.0103919 0.00168075
0.0298921 -0.00880018 0.0014419
0.0298024 -0.0114317 0.00175584
0.029713 -0.0140877 0.0014623
0.0296239 -0.00981694 0.00145477
0.029535 -0.0157581 0.00146185
0.0294464 -0.0131787 0.00143379
0.0293581 -0.0110815 0.00147588
0.02927 -0.00609269 0.0013488
0.0291822 -0.00107875 0.00134028
0.0290946 -0.000137013 0.00148053
0.0290074 -0.00436486 0.00141661
0.0289203 0.00197295 0.00138251
0.0288336 -0.00278011 0.00137559
0.0287471 -0.0082417 0.00137358
0.0286608 -0.00844866 0.00136456
0.0285748 -0.00596617 0.0016196
0.0284891 -0.00963092 0.00147932
0.0284037 -0.0132513 0.00146343
0.0283184 -0.0144694 0.00136232
0.0282335 -0.00742183 0.00147604
0.0281488 -0.0100166 0.00151815
0.0280643 -0.0118413 0.00153762
0.0279801 -0.0137977 0.00146255
0.0278962 -0.0129925 0.00154254
0.0278125 -0.00755771 0.00144063
0.0277291 -0.00816541 0.00156408
0.0276459 -0.015952 0.00145196
0.027563 -0.0155839 0.00148539
0.0274803 -0.0174839 0.00136245
0.0273978 -0.0172409 0.00146436
0.0273156 -0.0201824 0.00135436
0.0272337 -0.0179925 0.00155906
0.027152 -0.0172309 0.0015152
0.0270705 -0.0161384 0.00147553
0.0269893 -0.0204269 0.00158317
0.0269083 -0.0214321 0.00150218
0.0268276 -0.0163026 0.00140817
0.0267471 -0.0161672 0.0014868
0.0266669 -0.0151372 0.00124213
0.0265869 -0.0113281 0.00144624
0.0265071 -0.0126892 0.00167248
0.0264276 -0.0135516 0.00148215
0.0263483 -0.00692273 0.00120477
0.0262693 -0.00826042 0.00141199
0.0261905 -0.00826042 0.00153085
0.0261119 -0.00696928 0.00148189
0.0260336 -0.0097099 0.00148651
0.0259555 -0.0119591 0.0014106
0.0258776 -0.0137259 0.0014359
0.0258 -0.0102668 0.0015837
0.0257226 -0.0107951 0.00188403
0.0256454 -0.0159333 0.00128282
0.0255685 -0.0177654 0.00150924
0.0254918 -0.0187667 0.0013888
0.0254153 -0.0156179 0.00154928
0.025339 -0.0170977 0.00153571
0.025263 -0.0200904 0.00167113
0.0251872 -0.0196901 0.00189844
0.0251117 -0.0183343 0.00159998
0.0250363 -0.0185614 0.00161467
0.0249612 -0.0186752 0.00150497
0.0248863 -0.0202324 0.00135827
0.0248117 -0.0177724 0.00147184
0.0247373 -0.0195763 0.00148449
0.024663 -0.018597 0.00156549
0.0245891 -0.0183124 0.00144505
0.0245153 -0.0210787 0.00129091
0.0244417 -0.01589 0.00167214
0.0243684 -0.0176233 0.00164126
0.0242953 -0.0186775 0.00139307
0.0242224 -0.0186775 0.00175843
0.0241498 -0.0175326 0.00137237
0.0240773 -0.0215059 0.00146828
0.0240051 -0.0196217 0.00154574
0.0239331 -0.0196451 0.00163455
0.0238613 -0.0189618 0.00155939
0.0237897 -0.0186978 0.00141864
0.0237183 -0.0139118 0.00166172
0.0236472 -0.0164093 0.0014111
0.0235762 -0.0177901 0.00164355
0.0235055 -0.0173082 0.00136381
0.023435 -0.0173449 0.00149949
0.0233647 -0.0161419 0.00145273
0.0232946 -0.013542 0.0013312
0.0232247 -0.0158349 0.00156221
0.023155 -0.0190343 0.00137704
0.0230855 -0.0151392 0.00143993
0.0230163 -0.0187945 0.00175919
0.0229472 -0.0175515 0.00163167
0.0228784 -0.0153584 0.00167631
0.0228098 -0.0181962 0.0016655
0.0227413 -0.0217376 0.00150362
0.0226731 -0.0211531 0.00141743
0.0226051 -0.0207867 0.00165234
0.0225373 -0.0201738 0.00163446
0.0224697 -0.0189928 0.00159107
0.0224023 -0.0190167 0.00161588
0.022335 -0.0190167 0.00143313
0.022268 -0.0169276 0.00170098
0.0222012 -0.0157233 0.00191789
0.0221346 -0.0175758 0.00177462
0.0220682 -0.0205563 0.00165709
0.022002 -0.0197485 0.001628
0.021936 -0.0180821 0.0014655
0.0218702 -0.0200067 0.00145562
0.0218046 -0.0147468 0.0016431
0.0217392 -0.020193 0.00148728
0.021674 -0.0173449 0.00144493
0.0216089 -0.020878 0.0012868
0.0215441 -0.0179332 0.00181019
0.0214795 -0.0211484 0.00145169
0.021415 -0.0161038 0.00188061
0.0213508 -0.0194435 0.00173979
0.0212868 -0.018621 0.00182005
0.0212229 -0.02058 0.00168789
0.0211592 -0.0218206 0.00159891
0.0210957 -0.0225373 0.00181326
0.0210325 -0.0188583 0.00174873
0.0209694 -0.0224519 0.00185308
0.0209065 -0.0196988 0.0017123
0.0208437 -0.0230567 0.00165396
0.0207812 -0.0238816 0.00154758
0.0207189 -0.0234598 0.00166793
0.0206567 -0.0228255 0.00141148
0.0205947 -0.0214146 0.00178375
0.0205329 -0.0214146 0.00170232
0.0204713 -0.0232835 0.0015901
0.0204099 -0.0190469 0.00175702
0.0203487 -0.0172831 0.00185086
0.0202877 -0.0204204 0.00176421
0.0202268 -0.0203931 0.00191539
0.0201661 -0.0208035 0.00174902
0.0201056 -0.0182463 0.00197906
0.0200453 -0.0203904 0.00183532
0.0199852 -0.0221623 0.00197011
0.0199252 -0.0207925 0.00194769
0.0198654 -0.0231438 0.00187004
0.0198058 -0.0208442 0.00155785
0.0197464 -0.022805 0.00172912
0.0196872 -0.021948 0.00168914
0.0196281 -0.0193059 0.00178171
0.0195692 -0.0200137 0.00171569
0.0195105 -0.0224446 0.00199388
0.019452 -0.0211133 0.00193989
0.0193936 -0.0216383 0.00187473
0.0193355 -0.023431 0.00172971
0.0192775 -0.0218364 0.00201875
0.0192196 -0.0232209 0.00192665
0.019162 -0.0229099 0.00182533
0.0191045 -0.0227834 0.00182343
0.0190472 -0.0227834 0.00177342
0.01899 -0.0235565 0.00175346
0.018933 -0.0204077 0.00198609
0.0188762 -0.0238506 0.00188617
0.0188196 -0.0238506 0.00184582
0.0187632 -0.0238506 0.0020001
0.0187069 -0.0231427 0.00185495
0.0186508 -0.0209193 0.00194867
0.0185948 -0.021034 0.0019095
0.018539 -0.0194611 0.00169461
0.0184834 -0.0207607 0.0017261
0.0184279 -0.018581 0.0018481
0.0183727 -0.0250176 0.00166238
0.0183175 -0.0250176 0.00184871
0.0182626 -0.0199086 0.00202059
0.0182078 -0.0182143 0.00177713
0.0181532 -0.0214964 0.00207699
0.0180987 -0.0163348 0.00210193
0.0180444 -0.0204466 0.00194447
0.0179903 -0.0224586 0.00184291
0.0179363 -0.0202438 0.00201931
0.0178825 -0.0202438 0.00208566
0.0178289 -0.0183905 0.00231896
0.0177754 -0.0194068 0.00189906
0.0177221 -0.016585 0.00205643
0.0176689 -0.0147511 0.00215399
0.0176159 -0.0191005 0.00188642
0.017563 -0.0175559 0.00207635
0.0175103 -0.0142147 0.00208444
0.0174578 -0.0132944 0.00205295
0.0174054 -0.019136 0.00227951
0.0173532 -0.0179857 0.00196779
0.0173012 -0.020903 0.00212111
0.0172493 -0.012968 0.00195335
0.0171975 -0.022491 0.00190188
0.0171459 -0.021648 0.00197941
0.0170945 -0.0157309 0.0023581
0.0170432 -0.0194009 0.00218941
0.0169921 -0.0200756 0.00188953
0.0169411 -0.0200983 0.00191587
0.0168903 -0.0236641 0.0019218
0.0168396 -0.0224923 0.00182443
0.0167891 -0.0187667 0.0019973
0.0167387 -0.0234436 0.00201783
0.0166885 -0.0244382 0.00177592
0.0166384 -0.0239399 0.00194863
0.0165885 -0.0236029 0.00202457
0.0165387 -0.023756 0.00198947
0.0164891 -0.0210997 0.00186454
0.0164397 -0.0234 0.00214559
0.0163903 -0.0218612 0.00211608
0.0163412 -0.0203807 0.00170623
0.0162922 -0.0203395 0.00227212
0.0162433 -0.0222015 0.00203262
0.0161945 -0.0191108 0.00194963
0.016146 -0.022629 0.00188843
0.0160975 -0.0223377 0.00214266
0.0160492 -0.0220937 0.00182507
0.0160011 -0.0207763 0.00183669
0.0159531 -0.0235461 0.00189496
0.0159052 -0.0242722 0.00185741
0.0158575 -0.0236408 0.00185736
0.0158099 -0.0230959 0.00212429
0.0157625 -0.0247672 0.00196859
0.0157152 -0.0218443 0.00200228
0.0156681 -0.0211122 0.00183237
0.0156211 -0.0215083 0.00192588
0.0155742 -0.023386 0.0020967
0.0155275 -0.0198744 0.00191268
0.0154809 -0.0243382 0.00172088
0.0154345 -0.0243382 0.00206941
0.0153882 -0.0243382 0.00196552
0.015342 -0.0205991 0.00183834
0.015296 -0.027016 0.0017402
0.0152501 -0.0253713 0.00175347
0.0152043 -0.0257974 0.00211064
0.0151587 -0.0257974 0.00216552
0.0151132 -0.0233819 0.00182983
0.0150679 -0.0232272 0.0019541
0.0150227 -0.0250343 0.00188622
0.0149776 -0.0233472 0.00169645
0.0149327 -0.0224455 0.00178546
0.0148879 -0.0232524 0.00172608
0.0148432 -0.0244375 0.00170008
0.0147987 -0.0236343 0.00202473
0.0147543 -0.0237447 0.00171009
0.01471 -0.0251033 0.00167128
0.0146659 -0.0244027 0.00174614
0.0146219 -0.0238773 0.0018004
0.014578 -0.0249075 0.00177962
0.0145343 -0.0254488 0.00184902
0.0144907 -0.0240776 0.00165438
0.0144472 -0.023979 0.00185046
0.0144039 -0.0232611 0.00185826
0.0143607 -0.0267082 0.00174606
0.0143176 -0.0217545 0.00166947
0.0142746 -0.0284357 0.001918
0.0142318 -0.0188858 0.00207653
0.0141891 -0.0241645 0.00192881
0.0141466 -0.0222754 0.00205307
0.0141041 -0.0230103 0.0017232
0.0140618 -0.0215469 0.00201219
0.0140196 -0.0240755 0.00175055
0.0139776 -0.0253042 0.0020326
0.0139356 -0.0231723 0.00204388
0.0138938 -0.0254645 0.00148574
0.0138521 -0.0222468 0.0017959
0.0138106 -0.0236888 0.00209242
0.0137692 -0.0241036 0.00194973
0.0137278 -0.0285472 0.0019455
0.0136867 -0.0192547 0.00205032
0.0136456 -0.0206091 0.00189726
0.0136047 -0.0207469 0.00196473
0.0135639 -0.0213249 0.00171205
0.0135232 -0.0221014 0.00191677
0.0134826 -0.0210006 0.00176472
0.0134421 -0.0214362 0.00199924
0.0134018 -0.0222153 0.00175365
0.0133616 -0.0217349 0.00179144
0.0133215 -0.0190783 0.00190859
0.0132816 -0.0251744 0.00179646
0.0132417 -0.0229088 0.00197092
0.013202 -0.022437 0.00193598
0.0131624 -0.0264863 0.00171729
0.0131229 -0.0282139 0.00160073
0.0130835 -0.0282139 0.00174359
0.0130443 -0.0282139 0.00166198
0.0130051 -0.0212555 0.00170912
0.0129661 -0.0266857 0.00180319
0.0129272 -0.0268448 0.00193508
0.0128885 -0.027203 0.00164754
0.0128498 -0.027203 0.00157374
0.0128112 -0.0250415 0.00144889
0.0127728 -0.0256895 0.00174984
0.0127345 -0.0245191 0.0016809
0.0126963 -0.0254088 0.00176071
0.0126582 -0.0254088 0.00174844
0.0126202 -0.0245727 0.00162752
0.0125824 -0.0211431 0.00222649
0.0125446 -0.0239105 0.00175821
0.012507 -0.0247734 0.00147401
0.0124695 -0.0247734 0.00169063
0.012432 -0.0231246 0.00162137
0.0123948 -0.0249975 0.00164908
0.0123576 -0.0257833 0.00183061
0.0123205 -0.0242846 0.00163692
0.0122835 -0.0242846 0.00201694
0.0122467 -0.0253181 0.00224092
0.0122099 -0.0236981 0.00193331
0.0121733 -0.0254607 0.00175116
0.0121368 -0.0246077 0.00171095
0.0121004 -0.0245708 0.0016775
0.0120641 -0.0238321 0.00184252
0.0120279 -0.0263276 0.00184649
0.0119918 -0.0212879 0.00167011
0.0119558 -0.0246786 0.00192725
0.01192 -0.0239523 0.00187807
0.0118842 -0.0215113 0.00182697
0.0118486 -0.023998 0.00203331
0.011813 -0.0223986 0.00185417
0.0117776 -0.0254382 0.00185389
0.0117422 -0.0242613 0.00176851
0.011707 -0.0237573 0.00168451
0.0116719 -0.0253559 0.00180809
0.0116369 -0.0243093 0.00183873
0.011602 -0.0263321 0.00160406
0.0115672 -0.0239118 0.00193545
0.0115325 -0.0279631 0.00167583
0.0114979 -0.0248264 0.00176802
0.0114634 -0.0256269 0.00174356
0.011429 -0.0238158 0.00161771
0.0113947 -0.0238933 0.00165502
0.0113605 -0.0245285 0.00167017
0.0113264 -0.0238171 0.00168412
0.0112924 -0.0272959 0.00143778
0.0112586 -0.0244634 0.00161205
0.0112248 -0.0219093 0.00188957
0.0111911 -0.0228143 0.00165409
0.0111575 -0.0257654 0.0014658
0.0111241 -0.022705 0.00181979
0.0110907 -0.0243255 0.00174577
0.0110574 -0.0256864 0.00157583
0.0110242 -0.0256864 0.00179923
0.0109912 -0.0224475 0.00173528
0.0109582 -0.0284946 0.00171222
0.0109253 -0.0265866 0.00155357
0.0108926 -0.0265866 0.00179367
0.0108599 -0.0234485 0.00176077
0.0108273 -0.0264771 0.00172979
0.0107948 -0.0244239 0.00169227
0.0107624 -0.0257917 0.00158177
0.0107301 -0.0257917 0.00187228
0.010698 -0.026425 0.00210501
0.0106659 -0.0220015 0.00153195
0.0106339 -0.0249748 0.00161397
0.010602 -0.0251076 0.00153553
0.0105702 -0.022834 0.00169784
0.0105384 -0.0221825 0.00181276
0.0105068 -0.0237203 0.00185294
0.0104753 -0.0256829 0.0015437
0.0104439 -0.0256829 0.00163047
0.0104125 -0.0256829 0.00153232
0.0103813 -0.0259195 0.00163186
0.0103502 -0.0243901 0.00161688
0.0103191 -0.0261315 0.00138691
0.0102882 -0.0254968 0.00176242
0.0102573 -0.0238425 0.00172048
0.0102265 -0.0238425 0.00176565
0.0101958 -0.0238425 0.00178893
0.0101653 -0.0233417 0.00154492
0.0101348 -0.0238548 0.00172783
0.0101044 -0.024276 0.00162743
0.010074 -0.0209958 0.00175145
0.0100438 -0.0240097 0.00174718
0.0100137 -0.0238036 0.00163003
