2 0.622649 0.339836
1.994 1.10155 0.282303
1.98802 0.634141 0.201399
1.98205 0.634141 0.201399
1.97611 0.876466 0.238776
1.97018 0.876466 0.238776
1.96427 1.15134 0.129695
1.95838 1.15134 0.129695
1.9525 1.04837 0.943489
1.94664 1.04837 0.943489
1.9408 1.04837 0.943489
1.93498 1.04837 0.943489
1.92918 1.28186 1.16788
1.92339 0.838531 0.511768
1.91762 0.592978 1.31141
1.91187 0.361588 0.46291
1.90613 0.361588 0.46291
1.90041 0.361588 0.46291
1.89471 0.361588 0.46291
1.88903 0.789527 0.311946
1.88336 1.0465 0.0846608
1.87771 1.36424 0.10745
1.87208 1.36424 0.10745
1.86646 0.939346 0.40773
1.86086 0.630706 0.466005
1.85528 0.214966 0.35412
1.84971 0.392786 0.0732786
1.84416 0.392786 0.0732786
1.83863 0.58894 0.22678
1.83311 0.931361 0.518454
1.82762 0.77828 1.15123
1.82213 0.700754 0.537193
1.81667 0.957943 1.00251
1.81122 0.601325 1.22023
1.80578 0.809197 0.794132
1.80036 0.67627 0.127827
1.79496 0.536968 0.218152
1.78958 0.982597 0.607819
1.78421 0.766022 0.762198
1.77886 0.766022 0.762198
1.77352 0.662615 0.205864
1.7682 0.662615 0.205864
1.7629 0.39323 0.959966
1.75761 0.721491 1.32197
1.75233 0.888778 1.28307
1.74708 0.888778 1.28307
1.74184 0.465188 1.15094
1.73661 0.465188 1.15094
1.7314 0.465188 1.15094
1.72621 0.465188 1.15094
1.72103 0.465188 1.15094
1.71586 0.465188 1.15094
1.71072 0.465188 1.15094
1.70559 0.465188 1.15094
1.70047 0.856939 1.01397
1.69537 0.856939 1.01397
1.69028 0.800887 1.211
1.68521 1.2082 0.43688
1.68015 0.823455 0.860363
1.67511 0.918339 0.250363
1.67009 1.23043 0.573475
1.66508 1.23043 0.573475
1.66008 1.23043 0.573475
1.6551 1.40026 0.0407658
1.65014 1.06191 0.200795
1.64519 0.663825 0.361164
1.64025 0.719037 0.753955
1.63533 0.92457 0.744541
1.63042 0.92457 0.744541
1.62553 1.32045 0.822999
1.62066 1.19571 0.743487
1.61579 1.19571 0.743487
1.61095 1.30264 0.367879
1.60611 1.40289 0.265299
1.6013 1.7208 0.575538
1.59649 1.5529 0.933058
1.5917 1.46955 0.274475
1.58693 1.07799 0.229473
1.58217 1.07799 0.229473
1.57742 1.13537 0.106106
1.57269 1.02443 0.310451
1.56797 1.11674 0.101669
1.56327 1.45214 0.36896
1.55858 1.45214 0.36896
1.5539 1.45214 0.36896
1.54924 1.45214 0.36896
1.54459 1.38235 0.546812
1.53996 1.31117 0.341978
1.53534 1.34997 0.235108
1.53073 1.18404 0.204464
1.52614 1.18404 0.204464
1.52156 1.0133 0.586209
1.517 1.0133 0.586209
1.51245 1.01318 0.849121
1.50791 1.24345 0.771035
1.50338 0.939711 0.351847
1.49887 0.939711 0.351847
1.49438 0.950335 0.0985899
1.48989 0.834689 0.456498
1.48542 0.776579 0.440571
1.48097 0.682077 0.493054
1.47653 0.713017 0.233629
1.4721 0.580018 0.673623
1.46768 0.580018 0.673623
1.46328 0.865482 0.935036
1.45889 1.04884 0.946893
1.45451 0.719399 0.509839
1.45015 0.404115 0.271112
1.4458 0.699482 0.197947
1.44146 0.642943 0.398982
1.43713 0.847651 0.442737
1.43282 0.668381 0.0270169
1.42852 0.893206 0.521631
1.42424 0.582983 0.0232217
1.41997 0.931752 0.357598
1.41571 1.02782 0.247532
1.41146 0.905679 0.109456
1.40722 0.786736 0.179417
1.403 1.06442 0.24796
1.39879 1.06997 0.639757
1.3946 1.06997 0.639757
1.39041 1.06997 0.639757
1.38624 0.943908 0.800376
1.38208 0.808738 0.451886
1.37794 0.476486 0.277673
1.3738 0.359469 0.390781
1.36968 0.359469 0.390781
1.36557 0.543003 0.295405
1.36148 0.765418 0.0276294
1.35739 0.484065 0.49687
1.35332 0.483966 1.04014
1.34926 0.548327 1.0932
1.34521 0.548327 1.0932
1.34118 0.548327 1.0932
1.33715 0.835017 0.60475
1.33314 0.835017 0.60475
1.32914 1.03149 1.10659
1.32516 1.2853 0.727759
1.32118 1.33793 0.616616
1.31722 1.33793 0.616616
1.31326 1.33793 0.616616
1.30932 1.1285 0.902458
1.3054 1.1285 0.902458
1.30148 1.09708 0.258126
1.29758 0.902071 0.215238
1.29368 0.882316 0.64036
1.2898 1.0916 0.718254
1.28593 1.0916 0.718254
1.28207 1.0916 0.718254
1.27823 1.0916 0.718254
1.27439 1.0916 0.718254
1.27057 1.27382 0.461347
1.26676 1.27382 0.461347
1.26296 1.27382 0.461347
1.25917 1.27382 0.461347
1.25539 0.997596 0.161005
1.25163 0.839123 0.557909
1.24787 1.04398 0.0974762
1.24413 0.962057 0.142023
1.2404 1.22624 0.395458
1.23667 1.05903 0.114898
1.23296 1.20517 0.722658
1.22927 1.43143 0.110903
1.22558 1.32918 0.369545
1.2219 1.37999 0.754557
1.21824 1.07748 1.05007
1.21458 0.798104 0.780956
1.21094 0.515953 0.827548
1.2073 0.515953 0.827548
1.20368 0.681021 1.12579
1.20007 0.681021 1.12579
1.19647 0.681021 1.12579
1.19288 0.681021 1.12579
1.1893 0.753888 1.01115
1.18573 0.711491 0.523806
1.18218 0.807122 1.07012
1.17863 0.716099 1.11608
1.1751 0.716099 1.11608
1.17157 0.816669 0.746348
1.16806 0.816669 0.746348
1.16455 0.873476 0.540464
1.16106 0.804294 0.118954
1.15757 0.607149 0.126134
1.1541 0.607149 0.126134
1.15064 0.321319 0.416493
1.14719 0.430738 0.461762
1.14375 0.430738 0.461762
1.14031 0.695083 0.521055
1.13689 0.722191 0.0305473
1.13348 0.759332 0.2875
1.13008 0.955198 0.524519
1.12669 0.968764 0.407736
1.12331 0.94494 0.699114
1.11994 0.860268 1.23889
1.11658 0.844232 1.1907
1.11323 0.844232 1.1907
1.10989 0.654388 1.00711
1.10656 0.59185 0.669339
1.10324 0.407025 1.16163
1.09993 0.629387 0.985947
1.09663 0.858383 0.662539
1.09334 0.973586 0.724135
1.09006 0.831431 0.247494
1.08679 0.917759 0.738688
1.08353 1.1857 0.300941
1.08028 0.927335 0.218689
1.07704 1.14933 0.351244
1.07381 1.23086 0.231814
1.07059 1.23086 0.231814
1.06738 1.24225 0.480683
1.06418 1.24225 0.480683
1.06098 1.31097 0.417553
1.0578 1.21221 0.512966
1.05463 1.14309 0.611481
1.05146 1.14309 0.611481
1.04831 0.894864 0.940643
1.04516 0.735391 0.515406
1.04203 0.731066 0.091368
1.0389 0.54275 0.498711
1.03579 0.561431 0.626707
1.03268 0.544936 0.586697
1.02958 0.544936 0.586697
1.02649 0.740652 0.283298
1.02341 0.972874 0.567998
1.02034 0.972874 0.567998
1.01728 0.988424 0.67303
1.01423 0.901588 0.550014
1.01119 0.867681 0.280146
1.00815 0.879377 0.0799417
1.00513 0.918626 0.162772
1.00211 1.11613 0.000929458
0.999106 1.11557 0.205937
0.996109 1.2122 0.023013
0.99312 0.976643 0.319043
0.990141 0.792246 0.172907
0.987171 0.885378 0.608313
0.984209 0.885378 0.608313
0.981256 0.692792 0.463867
0.978313 0.692792 0.463867
0.975378 0.692792 0.463867
0.972452 0.498395 0.580641
0.969534 0.389915 0.796521
0.966626 0.389915 0.796521
0.963726 0.359108 0.967705
0.960835 0.4606 0.934611
0.957952 0.4606 0.934611
0.955078 0.439471 0.727507
0.952213 0.439471 0.727507
0.949356 0.417732 0.818891
0.946508 0.392422 0.606331
0.943669 0.479334 0.76129
0.940838 0.599385 0.504271
0.938015 0.474606 0.591733
0.935201 0.474606 0.591733
0.932396 0.474606 0.591733
0.929598 0.551161 0.387415
0.92681 0.732375 0.550587
0.924029 0.957855 0.855688
0.921257 0.862313 0.720208
0.918493 0.804144 0.905041
0.915738 0.804144 0.905041
0.912991 0.804144 0.905041
0.910252 0.67963 1.11988
0.907521 0.7991 1.35814
0.904798 0.763183 0.916998
0.902084 0.706012 1.05733
0.899378 0.713729 0.664522
0.89668 0.690358 0.85017
0.89399 0.843328 0.68845
0.891308 0.843328 0.68845
0.888634 1.0397 0.310842
0.885968 0.867199 0.557981
0.88331 0.998835 0.769507
0.88066 0.998835 0.769507
0.878018 1.09057 0.446399
0.875384 1.13217 0.145837
0.872758 1.19561 0.361864
0.870139 1.03876 0.344729
0.867529 1.0581 0.0407068
0.864926 1.0435 0.00636186
0.862332 0.828052 0.268165
0.859745 0.672972 0.173332
0.857165 0.459475 0.159206
0.854594 0.559835 0.390404
0.85203 0.476806 0.138185
0.849474 0.413355 0.371449
0.846926 0.602265 0.474136
0.844385 0.701583 0.477394
0.841852 0.532195 0.895745
0.839326 0.532195 0.895745
0.836808 0.701924 0.646888
0.834298 0.720249 0.505943
0.831795 0.548037 0.79823
0.829299 0.548037 0.79823
0.826812 0.670918 0.470519
0.824331 0.670918 0.470519
0.821858 0.697519 0.852035
0.819393 0.697519 0.852035
0.816934 0.697519 0.852035
0.814484 0.632341 1.02332
0.81204 0.751083 0.636501
0.809604 0.751083 0.636501
0.807175 0.751083 0.636501
0.804754 0.765968 0.86384
0.802339 0.765968 0.86384
0.799932 0.84733 0.507027
0.797533 1.01985 0.721926
0.79514 0.84852 0.793667
0.792755 0.84852 0.793667
0.790376 0.731303 0.975993
0.788005 0.838857 0.598656
0.785641 0.838857 0.598656
0.783284 0.845079 0.270273
0.780934 1.03798 0.106473
0.778592 1.14327 0.225951
0.776256 1.14327 0.225951
0.773927 1.10106 0.0297284
0.771605 1.13605 0.0967424
0.76929 1.17023 0.194336
0.766983 1.12741 0.18323
0.764682 0.956193 0.515335
0.762388 1.06258 0.611994
0.7601 0.980344 0.337317
0.75782 0.980344 0.337317
0.755547 1.10213 0.534042
0.75328 1.10213 0.534042
0.75102 0.916567 0.68575
0.748767 0.86471 0.492489
0.746521 0.69065 0.600676
0.744281 0.629867 0.899256
0.742048 0.662228 0.76297
0.739822 0.55504 0.894674
0.737603 0.52509 0.997995
0.73539 0.480902 0.712546
0.733184 0.449158 0.668299
0.730984 0.609878 0.783585
0.728791 0.609878 0.783585
0.726605 0.609878 0.783585
0.724425 0.780776 0.64853
0.722252 0.780776 0.64853
0.720085 0.780776 0.64853
0.717925 0.921581 0.460406
0.715771 0.846194 0.504765
0.713624 0.845742 0.412258
0.711483 0.711061 0.207073
0.709348 0.646684 0.524479
0.70722 0.593316 0.464331
0.705099 0.566545 0.351404
0.702983 0.716822 0.108589
0.700874 0.891616 0.0904423
0.698772 0.945319 0.14721
0.696676 0.928634 0.402927
0.694586 0.899162 0.666572
0.692502 0.865143 0.547051
0.690424 0.699445 0.40362
0.688353 0.567154 0.741646
0.686288 0.597493 0.753966
0.684229 0.631243 0.8443
0.682176 0.631243 0.8443
0.68013 0.515064 0.505528
0.678089 0.368164 0.380712
0.676055 0.516826 0.396937
0.674027 0.516826 0.396937
0.672005 0.584058 0.654546
0.669989 0.71225 0.400807
0.667979 0.698169 0.553219
0.665975 0.691482 0.510798
0.663977 0.64081 0.247695
0.661985 0.508342 0.550444
0.659999 0.508342 0.550444
0.658019 0.508342 0.550444
0.656045 0.508342 0.550444
0.654077 0.509791 0.254321
0.652115 0.509791 0.254321
0.650158 0.572618 0.00507203
0.648208 0.687526 0.262803
0.646263 0.828121 0.303596
0.644325 0.861849 0.183489
0.642392 0.7952 0.0880553
0.640464 0.837434 0.230096
0.638543 0.682796 0.106169
0.636627 0.738276 0.0615997
0.634717 0.689844 0.0790061
0.632813 0.773959 0.233172
0.630915 0.810243 0.267738
0.629022 0.704579 0.271414
0.627135 0.704579 0.271414
0.625254 0.839138 0.14055
0.623378 0.977466 0.104173
0.621508 0.977466 0.104173
0.619643 1.07105 0.312805
0.617784 0.979371 0.619227
0.615931 0.891032 0.807397
0.614083 0.891032 0.807397
0.612241 0.891032 0.807397
0.610404 0.891032 0.807397
0.608573 0.891032 0.807397
0.606747 1.0099 0.614559
0.604927 0.9503 0.884992
0.603112 0.9503 0.884992
0.601303 0.9503 0.884992
0.599499 0.811198 0.679214
0.597701 0.68038 0.66907
0.595907 0.604099 0.886768
0.59412 0.604099 0.886768
0.592337 0.473388 0.908389
0.59056 0.473388 0.908389
0.588789 0.510393 0.972364
0.587022 0.510393 0.972364
0.585261 0.510393 0.972364
0.583505 0.405673 0.866431
0.581755 0.405673 0.866431
0.58001 0.49832 0.970617
0.57827 0.596636 0.903658
0.576535 0.692543 0.635737
0.574805 0.701601 0.525051
0.573081 0.840572 0.336866
0.571362 0.842484 0.137077
0.569647 0.964135 0.00304988
0.567939 1.07052 0.120175
0.566235 1.02735 0.145135
0.564536 1.16697 0.10553
0.562842 1.23074 0.379717
0.561154 1.36245 0.244146
0.55947 1.33339 0.190519
0.557792 1.36524 0.286228
0.556119 1.42149 0.0313849
0.55445 1.42149 0.0313849
0.552787 1.33655 0.0798697
0.551129 1.33655 0.0798697
0.549475 1.38618 0.143333
0.547827 1.28945 0.0122479
0.546183 1.35417 0.210151
0.544545 1.26359 0.141265
0.542911 1.26359 0.141265
0.541282 1.2091 0.270398
0.539658 1.25185 0.393855
0.53804 1.25185 0.393855
0.536425 1.17235 0.453849
0.534816 1.06134 0.638296
0.533212 0.957427 0.527897
0.531612 0.957427 0.527897
0.530017 0.953233 0.37535
0.528427 0.900088 0.124227
0.526842 0.880715 0.234799
0.525261 0.941177 0.142318
0.523686 0.959078 0.220782
0.522115 0.987892 0.213446
0.520548 0.918883 0.166959
0.518987 1.00282 0.182877
0.51743 0.912139 0.0351749
0.515877 0.836994 0.0775244
0.51433 0.830989 0.0602416
0.512787 0.750503 0.172302
0.511248 0.751938 0.363772
0.509715 0.853272 0.574792
0.508185 0.7421 0.742612
0.506661 0.702131 0.782501
0.505141 0.609724 0.730667
0.503625 0.609724 0.730667
0.502115 0.687456 0.628919
0.500608 0.661067 0.472651
0.499106 0.597426 0.708708
0.497609 0.595847 0.768137
0.496116 0.643319 0.900774
0.494628 0.559531 0.75763
0.493144 0.559531 0.75763
0.491665 0.559531 0.75763
0.49019 0.520047 0.75686
0.488719 0.520047 0.75686
0.487253 0.578159 0.623168
0.485791 0.578159 0.623168
0.484334 0.684706 0.763085
0.482881 0.67599 0.708105
0.481432 0.62715 0.654385
0.479988 0.520589 0.628711
0.478548 0.44118 0.549491
0.477112 0.408079 0.550449
0.475681 0.478773 0.521119
0.474254 0.541609 0.638693
0.472831 0.541609 0.638693
0.471413 0.51365 0.81155
0.469998 0.586054 0.998802
0.468588 0.697362 0.873973
0.467183 0.757171 1.04075
0.465781 0.666656 1.23673
0.464384 0.666656 1.23673
0.462991 0.644654 1.06019
0.461602 0.62587 0.952155
0.460217 0.697158 0.843357
0.458836 0.731336 0.691006
0.45746 0.684099 0.809601
0.456087 0.615021 0.63299
0.454719 0.605124 0.465913
0.453355 0.638999 0.619802
0.451995 0.636537 0.450119
0.450639 0.658483 0.247798
0.449287 0.7494 0.338942
0.447939 0.676019 0.530571
0.446595 0.628732 0.713001
0.445255 0.628732 0.713001
0.44392 0.586338 0.889876
0.442588 0.586338 0.889876
0.44126 0.518011 0.873151
0.439936 0.43796 0.680724
0.438616 0.368589 0.652936
0.437301 0.379807 0.781788
0.435989 0.366211 0.579163
0.434681 0.344838 0.465599
0.433377 0.344838 0.465599
0.432077 0.344838 0.465599
0.43078 0.419482 0.342734
0.429488 0.372416 0.31725
0.4282 0.425663 0.513136
0.426915 0.425663 0.513136
0.425634 0.432193 0.507208
0.424357 0.347111 0.377988
0.423084 0.347111 0.377988
0.421815 0.301644 0.478814
0.42055 0.301644 0.478814
0.419288 0.354498 0.463552
0.41803 0.354498 0.463552
0.416776 0.329953 0.434411
0.415526 0.335335 0.271971
0.414279 0.335335 0.271971
0.413036 0.318346 0.201308
0.411797 0.298735 0.221192
0.410562 0.298735 0.221192
0.40933 0.383791 0.101167
0.408102 0.420144 0.132554
0.406878 0.448872 0.245469
0.405657 0.425388 0.202052
0.40444 0.425388 0.202052
0.403227 0.510089 0.261794
0.402017 0.570414 0.393488
0.400811 0.581674 0.406343
0.399609 0.624292 0.53839
0.39841 0.659785 0.50483
0.397215 0.579972 0.399599
0.396023 0.581814 0.58381
0.394835 0.631677 0.50285
0.39365 0.656676 0.69427
0.392469 0.675327 0.565052
0.391292 0.758974 0.417895
0.390118 0.726167 0.314747
0.388948 0.771061 0.420438
0.387781 0.771061 0.420438
0.386618 0.799851 0.304157
0.385458 0.869021 0.13541
0.384301 0.931332 0.0294574
0.383148 0.837327 0.106156
0.381999 0.767506 0.01471
0.380853 0.832144 0.175469
0.37971 0.910437 0.255799
0.378571 0.831138 0.203486
0.377436 0.76407 0.256889
0.376303 0.725261 0.182251
0.375174 0.754943 0.186805
0.374049 0.729368 0.0948635
0.372927 0.732914 0.174693
0.371808 0.773528 0.283059
0.370693 0.721601 0.263392
0.36958 0.683371 0.217421
0.368472 0.639523 0.350829
0.367366 0.643828 0.169446
0.366264 0.568471 0.331122
0.365165 0.537292 0.242387
0.36407 0.537292 0.242387
0.362978 0.509855 0.190677
0.361889 0.509855 0.190677
0.360803 0.568669 0.287486
0.359721 0.657379 0.169071
0.358642 0.714446 0.0603112
0.357566 0.71485 0.229538
0.356493 0.71485 0.229538
0.355423 0.693455 0.336923
0.354357 0.616952 0.287898
0.353294 0.672426 0.464187
0.352234 0.636052 0.467369
0.351177 0.582066 0.435514
0.350124 0.668138 0.559009
0.349074 0.668138 0.559009
0.348026 0.714986 0.555606
0.346982 0.783557 0.540452
0.345941 0.773093 0.41382
0.344904 0.773093 0.41382
0.343869 0.773093 0.41382
0.342837 0.720036 0.495728
0.341809 0.763517 0.390379
0.340783 0.687265 0.236612
0.339761 0.746998 0.192077
0.338742 0.827365 0.0326609
0.337725 0.877927 0.0681
0.336712 0.928203 0.0584809
0.335702 0.928517 0.00856638
0.334695 0.866031 0.173405
0.333691 0.806468 0.191972
0.33269 0.885588 0.0955648
0.331692 0.903297 0.0215259
0.330697 0.889954 0.118702
0.329705 0.814749 0.156586
0.328715 0.887052 0.0436052
0.327729 0.82004 0.0422538
0.326746 0.762852 0.120603
0.325766 0.735551 0.0519021
0.324789 0.706426 0.171346
0.323814 0.747798 0.26195
0.322843 0.811862 0.233774
0.321874 0.879853 0.151587
0.320909 0.818361 0.171376
0.319946 0.88179 0.169531
0.318986 0.8589 0.245834
0.318029 0.847659 0.385076
0.317075 0.904021 0.230709
0.316124 0.949664 0.232776
0.315175 0.981007 0.158062
0.31423 1.03965 0.284499
0.313287 1.04784 0.195629
0.312347 1.08067 0.0774257
0.31141 1.13769 0.204289
0.310476 1.13769 0.204289
0.309545 1.07396 0.142808
0.308616 1.06656 0.228094
0.30769 1.02306 0.121173
0.306767 1.04108 0.133335
0.305847 1.00962 0.12437
0.304929 1.00962 0.12437
0.304014 1.00962 0.12437
0.303102 1.05338 0.205314
0.302193 1.02036 0.302945
0.301287 0.980763 0.306203
0.300383 1.05395 0.196548
0.299482 1.03462 0.0488261
0.298583 1.00807 0.0088259
0.297687 0.996321 0.138693
0.296794 1.06762 0.0507007
0.295904 1.1106 0.0783874
0.295016 1.10621 0.174758
0.294131 1.09391 0.0725918
0.293249 1.08871 0.0655283
0.292369 1.102 0.177165
0.291492 1.15288 0.0571404
0.290617 1.1772 0.101952
0.289746 1.17449 0.176719
0.288876 1.19822 0.109965
0.28801 1.20665 0.0209242
0.287146 1.24098 0.098965
0.286284 1.28763 0.0753323
0.285425 1.28763 0.0753323
0.284569 1.21707 0.0920804
0.283715 1.21707 0.0920804
0.282864 1.18501 0.132176
0.282016 1.1448 0.0579336
0.28117 1.12619 0.0801627
0.280326 1.11665 0.0256431
0.279485 1.05078 0.0943907
0.278647 0.991973 0.17793
0.277811 0.962233 0.179447
0.276977 1.0132 0.231637
0.276146 1.0319 0.125996
0.275318 1.01399 0.0889566
0.274492 1.03084 0.164684
0.273668 1.04472 0.290585
0.272847 0.99142 0.385858
0.272029 0.965262 0.431601
0.271213 0.991613 0.303778
0.270399 0.990665 0.276659
0.269588 1.02412 0.337795
0.268779 1.02899 0.21112
0.267973 1.00021 0.267682
0.267169 1.00526 0.185675
0.266367 0.974961 0.095837
0.265568 1.02246 0.112625
0.264772 0.993289 0.0721741
0.263977 1.04895 0.15974
0.263185 1.04062 0.288357
0.262396 1.04651 0.269597
0.261609 1.03044 0.170326
0.260824 1.06277 0.144789
0.260041 1.08779 0.0985673
0.259261 1.07664 0.0391907
0.258483 1.13988 0.0312506
0.257708 1.07595 0.0595586
0.256935 1.07595 0.0595586
0.256164 1.01887 0.0607259
0.255396 1.01777 0.105195
0.254629 1.05875 0.0953497
0.253866 1.01355 0.170451
0.253104 0.969145 0.138862
0.252345 0.92466 0.243937
0.251588 0.967175 0.261607
0.250833 0.989664 0.189468
0.25008 1.04481 0.273694
0.24933 1.05031 0.328223
0.248582 1.04302 0.347866
0.247836 1.05273 0.239264
0.247093 1.072 0.198023
0.246352 1.09317 0.31398
0.245613 1.07893 0.274359
0.244876 1.11833 0.199778
0.244141 1.09499 0.279363
0.243409 1.1554 0.289282
0.242678 1.21491 0.311289
0.24195 1.22399 0.277979
0.241225 1.22399 0.277979
0.240501 1.18923 0.312163
0.239779 1.18923 0.312163
0.23906 1.18923 0.312163
0.238343 1.16321 0.223058
0.237628 1.19455 0.162694
0.236915 1.17172 0.223897
0.236204 1.13952 0.259244
0.235496 1.12675 0.346501
0.234789 1.12675 0.346501
0.234085 1.16031 0.29767
0.233382 1.14253 0.347053
0.232682 1.16856 0.417985
0.231984 1.16856 0.417985
0.231288 1.12719 0.397915
0.230594 1.12249 0.50057
0.229903 1.12249 0.50057
0.229213 1.08261 0.574947
0.228525 1.033 0.541167
0.22784 1.05207 0.480115
0.227156 1.04507 0.371408
0.226475 1.00676 0.330301
0.225795 1.04533 0.298713
0.225118 0.991748 0.230466
0.224443 0.940941 0.291668
0.223769 0.927811 0.309504
0.223098 0.882707 0.353896
0.222429 0.920327 0.287783
0.221761 0.892695 0.20815
0.221096 0.89983 0.105247
0.220433 0.919516 0.183098
0.219771 0.918954 0.188098
0.219112 0.870073 0.243793
0.218455 0.920467 0.171135
0.217799 0.892152 0.270453
0.217146 0.865824 0.277362
0.216495 0.883595 0.199358
0.215845 0.841999 0.231224
0.215198 0.79684 0.157905
0.214552 0.79082 0.151394
0.213908 0.812731 0.0769459
0.213267 0.865748 0.152324
0.212627 0.861968 0.0741158
0.211989 0.89708 0.0413513
0.211353 0.897493 0.128541
0.210719 0.913473 0.0700242
0.210087 0.942668 0.0157128
0.209457 0.961879 0.0350009
0.208828 0.999739 0.00267738
0.208202 1.0084 0.0821816
0.207577 0.979201 0.0039148
0.206954 0.955174 0.0633518
0.206333 0.916772 0.0949621
0.205714 0.910612 0.189136
0.205097 0.921976 0.276433
0.204482 0.968699 0.230174
0.203869 0.972147 0.292106
0.203257 1.00886 0.347125
0.202647 0.993839 0.419363
0.202039 0.962078 0.507078
0.201433 0.94979 0.579491
0.200829 0.939397 0.526671
0.200226 0.925835 0.437852
0.199626 0.953099 0.390968
0.199027 0.913855 0.348366
0.19843 0.949225 0.313675
0.197834 0.960601 0.352337
0.197241 0.960601 0.352337
0.196649 0.959588 0.392022
0.196059 0.982813 0.398761
0.195471 0.993197 0.41884
0.194885 0.964703 0.497057
0.1943 0.93413 0.534203
0.193717 0.89047 0.465048
0.193136 0.852647 0.552889
0.192557 0.890703 0.583947
0.191979 0.904475 0.583372
0.191403 0.875623 0.623183
0.190829 0.828114 0.612019
0.190256 0.82198 0.591628
0.189685 0.775425 0.594002
0.189116 0.808982 0.640692
0.188549 0.834235 0.680313
0.187983 0.817723 0.75337
0.187419 0.817723 0.75337
0.186857 0.780522 0.80369
0.186297 0.739567 0.827504
0.185738 0.739567 0.827504
0.185181 0.764194 0.895643
0.184625 0.764194 0.895643
0.184071 0.764194 0.895643
0.183519 0.764194 0.895643
0.182968 0.765018 0.913936
0.182419 0.80553 0.864738
0.181872 0.818323 0.837942
0.181327 0.818323 0.837942
0.180783 0.863468 0.764082
0.18024 0.838862 0.674522
0.1797 0.842348 0.66351
0.17916 0.875175 0.712719
0.178623 0.848566 0.682671
0.178087 0.888693 0.695319
0.177553 0.924553 0.694269
0.17702 0.897868 0.656671
0.176489 0.898609 0.701601
0.17596 0.876495 0.639084
0.175432 0.868477 0.57163
0.174905 0.90378 0.487832
0.174381 0.916375 0.417477
0.173858 0.877972 0.374169
0.173336 0.890761 0.406373
0.172816 0.915629 0.490314
0.172298 0.9466 0.563381
0.171781 0.9466 0.563381
0.171265 0.977421 0.566082
0.170752 0.950201 0.565698
0.170239 0.946505 0.567493
0.169729 0.918444 0.483723
0.169219 0.891573 0.425593
0.168712 0.922949 0.43575
0.168206 0.944414 0.382037
0.167701 0.983738 0.364859
0.167198 1.00084 0.333865
0.166696 0.986117 0.395271
0.166196 0.999121 0.463408
0.165698 0.97312 0.535152
0.165201 0.936036 0.491628
0.164705 0.942443 0.564924
0.164211 0.907161 0.558083
0.163718 0.907161 0.558083
0.163227 0.893819 0.531762
0.162737 0.873675 0.537945
0.162249 0.893285 0.475117
0.161762 0.878863 0.401005
0.161277 0.917053 0.382181
0.160793 0.882446 0.445414
0.160311 0.872389 0.382644
0.15983 0.89208 0.310705
0.15935 0.87463 0.29568
0.158872 0.895974 0.269151
0.158396 0.896671 0.314777
0.157921 0.895409 0.332991
0.157447 0.889694 0.387126
0.156974 0.870362 0.412869
0.156504 0.84721 0.452245
0.156034 0.885897 0.515059
0.155566 0.902193 0.511988
0.155099 0.869497 0.469448
0.154634 0.850769 0.508863
0.15417 0.823055 0.547387
0.153708 0.802002 0.57114
0.153246 0.795855 0.532124
0.152787 0.774714 0.524613
0.152328 0.764422 0.599291
0.151871 0.792398 0.542905
0.151416 0.790878 0.609971
0.150961 0.819497 0.633949
0.150509 0.856557 0.706779
0.150057 0.846087 0.717082
0.149607 0.858153 0.694054
0.149158 0.875875 0.69744
0.148711 0.860065 0.666336
0.148264 0.858745 0.599875
0.14782 0.832196 0.646936
0.147376 0.840063 0.63429
0.146934 0.805425 0.685728
0.146493 0.783253 0.716347
0.146054 0.805132 0.66183
0.145616 0.805132 0.66183
0.145179 0.783356 0.692747
0.144743 0.765019 0.70529
0.144309 0.759973 0.73526
0.143876 0.792041 0.742758
0.143444 0.761296 0.753207
0.143014 0.790141 0.71884
0.142585 0.770273 0.693451
0.142157 0.745458 0.673215
0.141731 0.74739 0.677611
0.141306 0.748552 0.67689
0.140882 0.75683 0.631968
0.140459 0.753075 0.586856
0.140038 0.773811 0.649851
0.139618 0.785795 0.627709
0.139199 0.78883 0.560497
0.138781 0.791397 0.514796
0.138365 0.80223 0.486528
0.13795 0.782957 0.429396
0.137536 0.811029 0.435371
0.137123 0.817516 0.452558
0.136712 0.808749 0.481595
0.136302 0.840956 0.462144
0.135893 0.8297 0.516331
0.135485 0.841925 0.547851
0.135079 0.859427 0.487951
0.134674 0.886514 0.525342
0.134269 0.903471 0.525524
0.133867 0.878352 0.466562
0.133465 0.869117 0.446972
0.133065 0.878271 0.453771
0.132665 0.861179 0.425262
0.132267 0.851284 0.438589
0.131871 0.831747 0.424844
0.131475 0.837348 0.432284
0.131081 0.814715 0.433446
0.130687 0.817358 0.411667
0.130295 0.805732 0.416918
0.129904 0.779963 0.389316
0.129515 0.801464 0.41193
0.129126 0.807488 0.349795
0.128739 0.808565 0.397642
0.128353 0.834634 0.39391
0.127968 0.821676 0.453541
0.127584 0.823885 0.40916
0.127201 0.832866 0.447902
0.126819 0.839454 0.46619
0.126439 0.818492 0.518204
0.12606 0.80144 0.515173
0.125681 0.792602 0.453281
0.125304 0.800953 0.425772
0.124928 0.782968 0.429729
0.124554 0.773834 0.40242
0.12418 0.780141 0.364484
0.123807 0.77991 0.339433
0.123436 0.79616 0.323736
0.123066 0.79616 0.323736
0.122696 0.815875 0.377277
0.122328 0.80381 0.399692
0.121961 0.800033 0.440199
0.121596 0.826512 0.493644
0.121231 0.817751 0.437203
0.120867 0.801722 0.423968
0.120504 0.82402 0.462842
0.120143 0.82402 0.462842
0.119782 0.822584 0.429697
0.119423 0.808355 0.388012
0.119065 0.817669 0.424392
0.118708 0.840403 0.459543
0.118352 0.845641 0.495518
0.117996 0.862529 0.446527
0.117643 0.851035 0.476045
0.11729 0.8519 0.534085
0.116938 0.828126 0.503509
0.116587 0.851069 0.48358
0.116237 0.829036 0.520795
0.115888 0.856804 0.465502
0.115541 0.884417 0.462566
0.115194 0.88345 0.501343
0.114849 0.910473 0.459905
0.114504 0.887959 0.468639
0.114161 0.898143 0.49596
0.113818 0.882777 0.461134
0.113477 0.875542 0.46532
0.113136 0.851409 0.495541
0.112797 0.836826 0.483684
0.112458 0.834591 0.435232
0.112121 0.811242 0.450774
0.111785 0.828539 0.447029
0.111449 0.832965 0.396303
0.111115 0.834057 0.419433
0.110782 0.817064 0.392751
0.110449 0.827297 0.345304
0.110118 0.830249 0.291319
0.109788 0.852346 0.332738
0.109458 0.864009 0.293605
0.10913 0.864576 0.291719
0.108802 0.881201 0.275395
0.108476 0.888066 0.28355
0.108151 0.863015 0.253414
0.107826 0.871587 0.283117
0.107503 0.86665 0.264788
0.10718 0.858989 0.282308
0.106859 0.869916 0.299426
0.106538 0.850125 0.343977
0.106218 0.844657 0.325197
0.1059 0.837775 0.364584
0.105582 0.825667 0.40833
0.105265 0.831305 0.384473
0.104949 0.837209 0.345945
0.104635 0.837209 0.345945
0.104321 0.826245 0.321485
0.104008 0.849167 0.34812
0.103696 0.859977 0.314041
0.103385 0.839149 0.347057
0.103075 0.837762 0.308884
0.102765 0.849897 0.264793
0.102457 0.825742 0.254011
0.10215 0.809216 0.242808
0.101843 0.82277 0.262677
0.101538 0.844689 0.222525
0.101233 0.859776 0.255767
0.100929 0.879615 0.28137
0.100627 0.892014 0.324265
0.100325 0.913631 0.283913
0.100024 0.933955 0.271044
0.0997236 0.935055 0.281629
0.0994244 0.934768 0.322642
0.0991262 0.958322 0.351993
0.0988288 0.970901 0.385313
0.0985323 0.990076 0.382416
0.0982367 0.99227 0.351221
0.097942 1.00209 0.343726
0.0976482 0.98795 0.310318
0.0973552 0.984461 0.280988
0.0970632 0.967894 0.293815
0.096772 0.985003 0.294168
0.0964817 0.997184 0.327316
0.0961922 0.978632 0.331083
0.0959036 0.995738 0.359025
0.0956159 1.00769 0.370649
0.0953291 0.993099 0.356462
0.0950431 0.979857 0.366623
0.094758 0.991053 0.358212
0.0944737 1.00277 0.400316
0.0941903 1.02119 0.391714
0.0939077 1.01036 0.430943
0.093626 1.01036 0.430943
0.0933451 1.01238 0.420878
0.0930651 1.01965 0.440046
0.0927859 1.01965 0.440046
0.0925075 1.03957 0.437426
0.09223 1.03957 0.437426
0.0919533 1.03747 0.39784
0.0916774 1.04502 0.375304
0.0914024 1.03202 0.403949
0.0911282 1.02091 0.380762
0.0908548 1.0346 0.368642
0.0905822 1.04975 0.404888
0.0903105 1.04975 0.404888
0.0900396 1.05779 0.421144
0.0897694 1.04071 0.397924
0.0895001 1.03468 0.408025
0.0892316 1.01943 0.413739
0.0889639 1.04159 0.373777
0.088697 1.03781 0.363779
0.088431 1.01709 0.372258
0.0881657 1.01776 0.357296
0.0879012 1.00137 0.364208
0.0876375 1.01677 0.377683
0.0873746 1.00919 0.33797
0.0871124 1.01936 0.377692
0.0868511 1.00157 0.340158
0.0865905 0.987987 0.368034
0.0863308 0.983706 0.396136
0.0860718 0.983425 0.394294
0.0858136 0.990042 0.425408
0.0855561 0.99989 0.429664
0.0852994 1.02073 0.421895
0.0850436 1.02073 0.421895
0.0847884 1.02215 0.439559
0.0845341 1.01944 0.453984
0.0842805 1.00879 0.444392
0.0840276 1.01308 0.436265
0.0837755 0.995854 0.40994
0.0835242 1.00834 0.439355
0.0832736 1.0041 0.408694
0.0830238 0.997255 0.410796
0.0827747 0.997255 0.410796
0.0825264 0.986001 0.403632
0.0822788 0.97497 0.412016
0.082032 0.970837 0.399901
0.0817859 0.970837 0.399901
0.0815405 0.956627 0.433619
0.0812959 0.956463 0.412754
0.081052 0.976128 0.431812
0.0808089 0.976128 0.431812
0.0805665 0.992523 0.45122
0.0803248 0.991566 0.436342
0.0800838 0.989524 0.43144
0.0798435 0.971626 0.426124
0.079604 0.971626 0.426124
0.0793652 0.979001 0.457989
0.0791271 0.974535 0.466939
0.0788897 0.974535 0.466939
0.078653 0.973476 0.460366
0.0784171 0.973499 0.424913
0.0781818 0.966294 0.417118
0.0779473 0.960252 0.43453
0.0777134 0.970513 0.431905
0.0774803 0.960282 0.462419
0.0772479 0.979304 0.428682
0.0770161 0.985557 0.431322
0.0767851 0.99865 0.465649
0.0765547 1.01735 0.488467
0.076325 1.01735 0.488467
0.0760961 1.00651 0.473175
0.0758678 1.0226 0.472264
0.0756402 1.01973 0.444534
0.0754133 1.01046 0.461828
0.075187 1.02104 0.461918
0.0749615 1.0049 0.495662
0.0747366 1.0029 0.523516
0.0745124 1.0029 0.523516
0.0742888 0.985267 0.48692
0.074066 0.986422 0.450575
0.0738438 0.991745 0.416112
0.0736222 0.991197 0.379447
0.0734014 0.991197 0.379447
0.0731812 1.00589 0.395597
0.0729616 1.01894 0.392105
0.0727427 1.0012 0.393756
0.0725245 1.01496 0.393172
0.0723069 0.997855 0.36614
0.07209 1.01341 0.389013
0.0718737 1.01341 0.389013
0.0716581 1.02784 0.393674
0.0714431 1.03126 0.399304
0.0712288 1.02686 0.37359
0.0710151 1.01697 0.367328
0.0708021 1.0029 0.369148
0.0705897 1.01338 0.389872
0.0703779 1.01469 0.376512
0.0701668 0.999518 0.406803
0.0699563 0.993953 0.433175
0.0697464 1.00908 0.403978
0.0695372 0.992418 0.414307
0.0693286 0.984087 0.439543
0.0691206 0.998084 0.44977
0.0689132 1.00982 0.443108
0.0687065 1.00317 0.446595
0.0685003 1.01702 0.42885
0.0682948 1.00937 0.444172
0.06809 1.01069 0.418624
0.0678857 0.998449 0.452531
0.067682 1.00308 0.468314
0.067479 1.00827 0.439972
0.0672766 0.994997 0.420468
0.0670747 1.00035 0.432599
0.0668735 1.0007 0.429233
0.0666729 1.01338 0.42508
0.0664729 1.00285 0.41491
0.0662734 0.993366 0.387192
0.0660746 0.997659 0.364847
0.0658764 0.992145 0.351855
0.0656788 0.97795 0.359655
0.0654817 0.993231 0.391666
0.0652853 1.0078 0.371663
0.0650894 0.99358 0.383579
0.0648942 0.997581 0.354758
0.0646995 0.989695 0.342358
0.0645054 1.00201 0.332507
0.0643119 1.00201 0.332507
0.0641189 0.998417 0.30896
0.0639266 0.983776 0.323078
0.0637348 0.994941 0.312378
0.0635436 0.992911 0.30512
0.063353 0.99847 0.283915
0.0631629 1.00528 0.264982
0.0629734 1.00144 0.283563
0.0627845 1.00251 0.27147
0.0625961 0.988795 0.30198
0.0624083 0.983681 0.290953
0.0622211 0.997314 0.307031
0.0620345 0.986299 0.295477
0.0618484 0.993567 0.28407
0.0616628 0.990024 0.266163
0.0614778 0.981389 0.23875
0.0612934 0.980986 0.265644
0.0611095 0.977261 0.244566
0.0609262 0.968746 0.222686
0.0607434 0.958692 0.203392
0.0605612 0.959421 0.212821
0.0603795 0.966514 0.211877
0.0601983 0.961347 0.233093
0.0600178 0.962606 0.224556
0.0598377 0.970298 0.24553
0.0596582 0.961341 0.246014
0.0594792 0.960972 0.232181
0.0593008 0.960972 0.232181
0.0591229 0.960972 0.232181
0.0589455 0.965558 0.259479
0.0587687 0.959648 0.24794
0.0585924 0.959648 0.24794
0.0584166 0.952306 0.24999
0.0582413 0.955104 0.247817
0.0580666 0.966033 0.232435
0.0578924 0.957658 0.229216
0.0577187 0.964373 0.240639
0.0575456 0.953418 0.245214
0.0573729 0.954098 0.273844
0.0572008 0.95128 0.259508
0.0570292 0.949372 0.273846
0.0568581 0.954941 0.268238
0.0566876 0.941975 0.269594
0.0565175 0.934546 0.255192
0.0563479 0.926731 0.238656
0.0561789 0.922227 0.238146
0.0560104 0.909844 0.23778
0.0558423 0.917251 0.265617
0.0556748 0.904138 0.258813
0.0555078 0.911411 0.263497
0.0553413 0.923801 0.262799
0.0551752 0.923985 0.288287
0.0550097 0.923985 0.288287
0.0548447 0.923985 0.288287
0.0546801 0.915387 0.307082
0.0545161 0.920528 0.291519
0.0543526 0.910106 0.27453
0.0541895 0.922333 0.253343
0.0540269 0.912429 0.237755
0.0538648 0.904786 0.242011
0.0537033 0.894723 0.265952
0.0535421 0.907027 0.249152
0.0533815 0.908491 0.22846
0.0532214 0.911482 0.215627
0.0530617 0.917212 0.197875
0.0529025 0.930061 0.211825
0.0527438 0.937153 0.188754
0.0525856 0.928415 0.202547
0.0524278 0.937719 0.227674
0.0522705 0.937332 0.24458
0.0521137 0.947185 0.230689
0.0519574 0.95587 0.250794
0.0518015 0.953815 0.251846
0.0516461 0.942094 0.244003
0.0514912 0.948116 0.22996
0.0513367 0.96072 0.253646
0.0511827 0.960547 0.277394
0.0510291 0.959123 0.272499
0.0508761 0.949307 0.269178
0.0507234 0.937146 0.288669
0.0505713 0.941856 0.308291
0.0504195 0.944017 0.292807
0.0502683 0.938805 0.288243
0.0501175 0.926521 0.275462
0.0499671 0.930728 0.254825
0.0498172 0.918347 0.231187
0.0496678 0.907678 0.240108
0.0495188 0.896369 0.259551
0.0493702 0.904227 0.253892
0.0492221 0.903577 0.239665
0.0490744 0.895277 0.216186
0.0489272 0.886648 0.223815
0.0487804 0.884431 0.2434
0.0486341 0.890229 0.224881
0.0484882 0.885928 0.208925
0.0483427 0.886386 0.227637
0.0481977 0.888355 0.210291
0.0480531 0.897686 0.227207
0.0479089 0.908448 0.236797
0.0477652 0.900747 0.234634
0.0476219 0.904324 0.242285
0.0474791 0.895278 0.23899
0.0473366 0.889227 0.255677
0.0471946 0.888866 0.258807
0.047053 0.892973 0.268571
0.0469119 0.898082 0.282806
0.0467711 0.887739 0.29502
0.0466308 0.884183 0.278386
0.0464909 0.88844 0.294084
0.0463515 0.888681 0.299818
0.0462124 0.895014 0.278962
0.0460738 0.895712 0.286354
0.0459355 0.885706 0.280876
0.0457977 0.893948 0.266911
0.0456603 0.887043 0.259518
0.0455234 0.896791 0.264904
0.0453868 0.893172 0.267924
0.0452506 0.896966 0.26848
0.0451149 0.89289 0.286516
0.0449795 0.890395 0.301655
0.0448446 0.887656 0.315474
0.0447101 0.89385 0.311647
0.0445759 0.897125 0.305322
0.0444422 0.899377 0.292048
0.0443089 0.907526 0.283247
0.0441759 0.908246 0.293749
0.0440434 0.917161 0.275331
0.0439113 0.917091 0.275294
0.0437796 0.909788 0.277639
0.0436482 0.918995 0.27437
0.0435173 0.915119 0.263561
0.0433867 0.920362 0.269005
0.0432566 0.910267 0.263346
0.0431268 0.906658 0.283613
0.0429974 0.902784 0.281071
0.0428684 0.899323 0.273943
0.0427398 0.908684 0.263993
0.0426116 0.903024 0.272835
0.0424838 0.90485 0.266061
0.0423563 0.907622 0.258918
0.0422292 0.898428 0.249673
0.0421026 0.897652 0.245485
0.0419762 0.899791 0.250867
0.0418503 0.90048 0.269008
0.0417248 0.897399 0.289098
0.0415996 0.903668 0.2933
0.0414748 0.904309 0.281261
0.0413504 0.902633 0.286755
0.0412263 0.90215 0.293687
0.0411026 0.900739 0.290759
0.0409793 0.905212 0.294405
0.0408564 0.906061 0.28524
0.0407338 0.914564 0.293551
0.0406116 0.914564 0.293551
0.0404898 0.908515 0.274998
0.0403683 0.903353 0.273386
0.0402472 0.908686 0.274311
0.0401265 0.903765 0.254604
0.0400061 0.909014 0.268148
0.0398861 0.911878 0.255397
0.0397664 0.920049 0.273299
0.0396471 0.92538 0.266078
0.0395282 0.933517 0.281097
0.0394096 0.930269 0.279968
0.0392914 0.926161 0.262483
0.0391735 0.918894 0.248119
0.039056 0.916578 0.261864
0.0389388 0.914238 0.249631
0.038822 0.905743 0.235725
0.0387055 0.899172 0.240291
0.0385894 0.897688 0.22426
0.0384736 0.890623 0.21837
0.0383582 0.890032 0.23396
0.0382431 0.897997 0.228989
0.0381284 0.897694 0.232705
0.038014 0.889089 0.233353
0.0379 0.894646 0.248281
0.0377863 0.887358 0.237057
0.0376729 0.883491 0.250534
0.0375599 0.883667 0.233108
0.0374472 0.885488 0.241695
0.0373349 0.877206 0.232432
0.0372229 0.878131 0.223641
0.0371112 0.86916 0.242141
0.0369999 0.869203 0.228031
0.0368889 0.869941 0.240124
0.0367782 0.864794 0.245161
0.0366679 0.855716 0.249805
0.0365579 0.852471 0.238313
0.0364482 0.858977 0.243293
0.0363389 0.851112 0.245414
0.0362298 0.853688 0.259241
0.0361211 0.853959 0.262793
0.0360128 0.848773 0.279718
0.0359047 0.850278 0.275871
0.035797 0.85307 0.270099
0.0356896 0.859288 0.263441
0.0355826 0.864769 0.277983
0.0354758 0.869758 0.281485
0.0353694 0.867214 0.285224
0.0352633 0.873999 0.275011
0.0351575 0.878102 0.268805
0.035052 0.878102 0.268805
0.0349469 0.877602 0.283371
0.034842 0.877839 0.296851
0.0347375 0.878405 0.282633
0.0346333 0.878512 0.278262
0.0345294 0.872571 0.278438
0.0344258 0.868095 0.27273
0.0343225 0.860018 0.264943
0.0342196 0.861837 0.249207
0.0341169 0.868352 0.245887
0.0340145 0.865881 0.259642
0.0339125 0.862482 0.261714
0.0338108 0.858888 0.245415
0.0337093 0.85287 0.242067
0.0336082 0.849701 0.229575
0.0335074 0.850631 0.238768
0.0334069 0.85315 0.252722
0.0333066 0.854742 0.266691
0.0332067 0.857665 0.271674
0.0331071 0.859831 0.25987
0.0330078 0.862355 0.267224
0.0329088 0.854393 0.279723
0.03281 0.857033 0.274317
0.0327116 0.855833 0.261361
0.0326135 0.848284 0.276381
0.0325156 0.843303 0.282194
0.0324181 0.843246 0.295239
0.0323208 0.842547 0.306207
0.0322239 0.844024 0.290186
0.0321272 0.843854 0.302149
0.0320308 0.842949 0.287949
0.0319347 0.834996 0.285343
0.0318389 0.841691 0.29632
0.0317434 0.842055 0.310513
0.0316482 0.834696 0.320129
0.0315532 0.834892 0.31757
0.0314586 0.838487 0.309291
0.0313642 0.838219 0.320857
0.0312701 0.842867 0.321981
0.0311763 0.836661 0.336704
0.0310827 0.835929 0.324243
0.0309895 0.835582 0.31383
0.0308965 0.829645 0.318616
0.0308038 0.825298 0.317551
0.0307114 0.832066 0.330582
0.0306193 0.833927 0.33995
0.0305274 0.836138 0.336696
0.0304359 0.843629 0.327411
0.0303445 0.840352 0.318817
0.0302535 0.840352 0.318817
0.0301628 0.84098 0.317715
0.0300723 0.835572 0.311329
0.029982 0.833555 0.324099
0.0298921 0.827287 0.316948
0.0298024 0.824659 0.331296
0.029713 0.825147 0.334692
0.0296239 0.818776 0.348524
0.029535 0.813149 0.360349
0.0294464 0.806951 0.359028
0.0293581 0.804322 0.355183
0.02927 0.802824 0.343496
0.0291822 0.797454 0.333099
0.0290946 0.797849 0.33479
0.0290074 0.797455 0.344603
0.0289203 0.79394 0.333941
0.0288336 0.800019 0.332345
0.0287471 0.80344 0.344993
0.0286608 0.799445 0.351263
0.0285748 0.804582 0.342866
0.0284891 0.80983 0.345031
0.0284037 0.810538 0.354262
0.0283184 0.814299 0.353391
0.0282335 0.810346 0.346418
0.0281488 0.816277 0.333341
0.0280643 0.816337 0.345537
0.0279801 0.82133 0.348805
0.0278962 0.815003 0.35427
0.0278125 0.815397 0.342064
0.0277291 0.819102 0.329095
0.0276459 0.825736 0.340803
0.027563 0.826694 0.345143
0.0274803 0.828749 0.341292
0.0273978 0.830022 0.348149
0.0273156 0.833949 0.356796
0.0272337 0.838168 0.346739
0.027152 0.839381 0.344737
0.0270705 0.841637 0.340032
0.0269893 0.840336 0.344555
0.0269083 0.835234 0.357822
0.0268276 0.835152 0.347701
0.0267471 0.837052 0.344704
0.0266669 0.831201 0.338655
0.0265869 0.827722 0.333559
0.0265071 0.825969 0.328602
0.0264276 0.826782 0.323171
0.0263483 0.823702 0.319395
0.0262693 0.825474 0.328241
0.0261905 0.825474 0.328241
0.0261119 0.819638 0.315632
0.0260336 0.825426 0.32628
0.0259555 0.829686 0.337333
0.0258776 0.826278 0.330487
0.0258 0.824683 0.337319
0.0257226 0.826566 0.344308
0.0256454 0.832889 0.344862
0.0255685 0.836296 0.35363
0.0254918 0.841477 0.342674
0.0254153 0.839232 0.350526
0.025339 0.836814 0.35316
0.025263 0.840148 0.350733
0.0251872 0.841238 0.358681
0.0251117 0.836103 0.353731
0.0250363 0.841797 0.34792
0.0249612 0.837085 0.355629
0.0248863 0.837702 0.356813
0.0248117 0.83164 0.358208
0.0247373 0.831605 0.356546
0.024663 0.826369 0.359607
0.0245891 0.826666 0.364107
0.0245153 0.82951 0.352176
0.0244417 0.824396 0.36278
0.0243684 0.828067 0.3707
0.0242953 0.822525 0.358652
0.0242224 0.822525 0.358652
0.0241498 0.824903 0.366936
0.0240773 0.825617 0.370269
0.0240051 0.829594 0.376931
0.0239331 0.832908 0.365976
0.0238613 0.836109 0.360076
0.0237897 0.831198 0.358725
0.0237183 0.827693 0.355874
0.0236472 0.830995 0.352203
0.0235762 0.828107 0.353571
0.0235055 0.829995 0.348005
0.023435 0.834082 0.345006
0.0233647 0.83563 0.339569
0.0232946 0.837174 0.334538
0.0232247 0.837872 0.340275
0.023155 0.842916 0.336519
0.0230855 0.839898 0.328726
0.0230163 0.844394 0.332268
0.0229472 0.849531 0.334669
0.0228784 0.84575 0.338794
0.0228098 0.847263 0.344448
0.0227413 0.850077 0.355336
0.0226731 0.855498 0.347942
0.0226051 0.860883 0.338592
0.0225373 0.856586 0.34617
0.0224697 0.855346 0.342406
0.0224023 0.859699 0.342446
0.022335 0.859699 0.342446
0.022268 0.858089 0.34258
0.0222012 0.856804 0.336968
0.0221346 0.860077 0.33466
0.0220682 0.854833 0.341099
0.022002 0.855871 0.333446
0.021936 0.85191 0.342305
0.0218702 0.855623 0.33458
0.0218046 0.850591 0.334586
0.0217392 0.85435 0.33844
0.021674 0.849424 0.343116
0.0216089 0.848406 0.350394
0.0215441 0.848307 0.353065
0.0214795 0.849976 0.35384
0.021415 0.853403 0.357755
0.0213508 0.854705 0.359316
0.0212868 0.851713 0.357246
0.0212229 0.853865 0.367348
0.0211592 0.855163 0.366704
0.0210957 0.857574 0.374432
0.0210325 0.861344 0.368824
0.0209694 0.862141 0.37712
0.0209065 0.860545 0.367076
0.0208437 0.863226 0.364598
0.0207812 0.858991 0.365948
0.0207189 0.863604 0.371519
0.0206567 0.863612 0.371583
0.0205947 0.859623 0.363349
0.0205329 0.859623 0.363349
0.0204713 0.862166 0.358255
0.0204099 0.865672 0.358543
0.0203487 0.870024 0.362282
0.0202877 0.869655 0.364965
0.0202268 0.873072 0.371798
0.0201661 0.871673 0.368498
0.0201056 0.873421 0.370097
0.0200453 0.875828 0.378488
0.0199852 0.875192 0.376862
0.0199252 0.871188 0.379034
0.0198654 0.871678 0.385186
0.0198058 0.868667 0.391273
0.0197464 0.868044 0.384107
0.0196872 0.866099 0.380236
0.0196281 0.862854 0.387409
0.0195692 0.865546 0.390753
0.0195105 0.865468 0.394693
0.019452 0.865776 0.389005
0.0193936 0.865442 0.394643
0.0193355 0.865338 0.398671
0.0192775 0.865467 0.398935
0.0192196 0.867325 0.396648
0.019162 0.865252 0.392788
0.0191045 0.869858 0.391644
0.0190472 0.869858 0.391644
0.01899 0.867158 0.396099
0.018933 0.869182 0.388281
0.0188762 0.87039 0.3895
0.0188196 0.87039 0.3895
0.0187632 0.87039 0.3895
0.0187069 0.87323 0.395461
0.0186508 0.873218 0.397051
0.0185948 0.877581 0.40184
0.018539 0.881762 0.395048
0.0184834 0.877768 0.392673
0.0184279 0.87414 0.391863
0.0183727 0.872399 0.391541
0.0183175 0.872399 0.391541
0.0182626 0.873 0.397438
0.0182078 0.875295 0.405097
0.0181532 0.87931 0.397954
0.0180987 0.882141 0.401424
0.0180444 0.88322 0.401318
0.0179903 0.886439 0.402842
0.0179363 0.889343 0.406975
0.0178825 0.889343 0.406975
0.0178289 0.887355 0.408096
0.0177754 0.88457 0.404304
0.0177221 0.884446 0.398284
0.0176689 0.887907 0.394443
0.0176159 0.883936 0.403084
0.017563 0.884564 0.405932
0.0175103 0.88668 0.410596
0.0174578 0.884195 0.404506
0.0174054 0.882873 0.405215
0.0173532 0.87856 0.405043
0.0173012 0.88181 0.406614
0.0172493 0.879624 0.409063
0.0171975 0.878872 0.412058
0.0171459 0.881173 0.410444
0.0170945 0.879154 0.409229
0.0170432 0.877522 0.404437
0.0169921 0.879424 0.400353
0.0169411 0.876004 0.404427
0.0168903 0.871852 0.397788
0.0168396 0.870005 0.399706
0.0167891 0.868187 0.407567
0.0167387 0.867765 0.413554
0.0166885 0.86834 0.419395
0.0166384 0.866228 0.417793
0.0165885 0.864952 0.418098
0.0165387 0.864811 0.419537
0.0164891 0.865398 0.413323
0.0164397 0.868758 0.420782
0.0163903 0.872035 0.423826
0.0163412 0.873546 0.428252
0.0162922 0.87178 0.428255
0.0162433 0.868807 0.431959
0.0161945 0.86773 0.427291
0.016146 0.863964 0.419975
0.0160975 0.864229 0.420847
0.0160492 0.867924 0.416445
0.0160011 0.868646 0.423749
0.0159531 0.86888 0.42625
0.0159052 0.866398 0.422672
0.0158575 0.865363 0.427936
0.0158099 0.865389 0.424888
0.0157625 0.863922 0.418919
0.0157152 0.863454 0.420805
0.0156681 0.861799 0.422397
0.0156211 0.859435 0.429068
0.0155742 0.856199 0.42507
0.0155275 0.859459 0.420958
0.0154809 0.859439 0.413689
0.0154345 0.859439 0.413689
0.0153882 0.859439 0.413689
0.015342 0.860319 0.415452
0.015296 0.85661 0.422295
0.0152501 0.856355 0.425734
0.0152043 0.855714 0.419114
0.0151587 0.855714 0.419114
0.0151132 0.8549 0.414779
0.0150679 0.8569 0.40946
0.0150227 0.854126 0.402547
0.0149776 0.852374 0.396539
0.0149327 0.850364 0.396184
0.0148879 0.849852 0.40342
0.0148432 0.848715 0.406196
0.0147987 0.847207 0.405991
0.0147543 0.850133 0.399425
0.01471 0.848743 0.403907
0.0146659 0.851865 0.407521
0.0146219 0.853919 0.413568
0.014578 0.852596 0.412896
0.0145343 0.85409 0.419674
0.0144907 0.857052 0.422145
0.0144472 0.858026 0.419724
0.0144039 0.855068 0.414198
0.0143607 0.858331 0.417738
0.0143176 0.856731 0.415314
0.0142746 0.8602 0.419693
0.0142318 0.862475 0.426174
0.0141891 0.860934 0.432873
0.0141466 0.860364 0.436761
0.0141041 0.858962 0.432903
0.0140618 0.857912 0.437628
0.0140196 0.857782 0.43404
0.0139776 0.855015 0.433857
0.0139356 0.851911 0.430598
0.0138938 0.851837 0.4307
0.0138521 0.854883 0.429516
0.0138106 0.856912 0.424513
0.0137692 0.855838 0.424234
0.0137278 0.854624 0.419497
0.0136867 0.857383 0.417024
0.0136456 0.854266 0.410328
0.0136047 0.856918 0.409232
0.0135639 0.859114 0.410442
0.0135232 0.860228 0.408854
0.0134826 0.861977 0.40466
0.0134421 0.860349 0.410677
0.0134018 0.861851 0.411472
0.0133616 0.860353 0.40684
0.0133215 0.85776 0.403573
0.0132816 0.856549 0.404283
0.0132417 0.859391 0.403267
0.013202 0.860369 0.397972
0.0131624 0.858086 0.403314
0.0131229 0.857862 0.407109
0.0130835 0.857862 0.407109
0.0130443 0.857862 0.407109
0.0130051 0.85754 0.402185
0.0129661 0.855621 0.407764
0.0129272 0.853192 0.404532
0.0128885 0.85203 0.398859
0.0128498 0.85203 0.398859
0.0128112 0.853159 0.403756
0.0127728 0.854793 0.402006
0.0127345 0.85628 0.398705
0.0126963 0.855709 0.402697
0.0126582 0.855709 0.402697
0.0126202 0.853345 0.401013
0.0125824 0.85439 0.394978
0.0125446 0.856412 0.395221
0.012507 0.854958 0.396334
0.0124695 0.854958 0.396334
0.012432 0.857682 0.399002
0.0123948 0.858026 0.396579
0.0123576 0.858289 0.394659
0.0123205 0.855585 0.395869
0.0122835 0.855585 0.395869
0.0122467 0.856556 0.397557
0.0122099 0.85774 0.398139
0.0121733 0.855276 0.402669
0.0121368 0.854418 0.404443
0.0121004 0.851495 0.408279
0.0120641 0.854453 0.411986
0.0120279 0.856843 0.412905
0.0119918 0.858272 0.407696
0.0119558 0.855904 0.40765
0.01192 0.853161 0.408519
0.0118842 0.85487 0.405382
0.0118486 0.854478 0.40536
0.011813 0.856166 0.410634
0.0117776 0.854398 0.414142
0.0117422 0.852193 0.410825
0.011707 0.851648 0.412235
0.0116719 0.854021 0.410704
0.0116369 0.852895 0.411879
0.011602 0.850876 0.416999
0.0115672 0.851231 0.412746
0.0115325 0.849739 0.407595
0.0114979 0.849655 0.404855
0.0114634 0.851183 0.400537
0.011429 0.849193 0.400077
0.0113947 0.848389 0.396098
0.0113605 0.850045 0.400655
0.0113264 0.850514 0.400681
0.0112924 0.849068 0.405409
0.0112586 0.847866 0.405172
0.0112248 0.849335 0.40195
0.0111911 0.851699 0.399363
0.0111575 0.84904 0.39806
0.0111241 0.849095 0.400203
0.0110907 0.851793 0.400183
0.0110574 0.849376 0.401113
0.0110242 0.849376 0.401113
0.0109912 0.846691 0.404401
0.0109582 0.845911 0.405467
0.0109253 0.843881 0.403261
0.0108926 0.843881 0.403261
0.0108599 0.844368 0.400926
0.0108273 0.846119 0.405431
0.0107948 0.847216 0.400254
0.0107624 0.849813 0.403559
0.0107301 0.849813 0.403559
0.010698 0.847197 0.399464
0.0106659 0.849087 0.39429
0.0106339 0.849343 0.395272
0.010602 0.847047 0.390755
0.0105702 0.848627 0.395511
0.0105384 0.84905 0.396182
0.0105068 0.847782 0.393431
0.0104753 0.845215 0.393868
0.0104439 0.845215 0.393868
0.0104125 0.845215 0.393868
0.0103813 0.842863 0.392015
0.0103502 0.843567 0.38851
0.0103191 0.843718 0.385528
0.0102882 0.842266 0.383688
0.0102573 0.843798 0.380209
0.0102265 0.843798 0.380209
0.0101958 0.843798 0.380209
0.0101653 0.843386 0.375834
0.0101348 0.842388 0.372346
0.0101044 0.843674 0.37661
0.010074 0.844207 0.378276
0.0100438 0.842648 0.379506
0.0100137 0.843679 0.380393
